-9.000000000000000222e-01 -9.000000000000000222e-01
-8.999999999999994671e-01 -9.000000000000001332e-01
-8.999999999999976907e-01 -9.000000000000001332e-01
-8.999999999999980238e-01 -9.000000000000003553e-01
-8.999999999999979128e-01 -9.000000000000009104e-01
-8.999999999999970246e-01 -9.000000000000003553e-01
-8.999999999999971356e-01 -9.000000000000009104e-01
-8.999999999999972466e-01 -9.000000000000023537e-01
-8.999999999999970246e-01 -9.000000000000010214e-01
-8.999999999999968026e-01 -9.000000000000021316e-01
-8.999999999999970246e-01 -9.000000000000015765e-01
-8.999999999999971356e-01 -9.000000000000023537e-01
-8.999999999999973577e-01 -9.000000000000026867e-01
-8.999999999999975797e-01 -9.000000000000019096e-01
-8.999999999999975797e-01 -9.000000000000017986e-01
-8.999999999999976907e-01 -9.000000000000015765e-01
-8.999999999999979128e-01 -9.000000000000012434e-01
-8.999999999999986899e-01 -9.000000000000007994e-01
-9.000000000000003553e-01 -9.000000000000009104e-01
-9.000000000000019096e-01 -9.000000000000021316e-01
-9.000000000000010214e-01 -9.000000000000006883e-01
-9.000000000000019096e-01 -8.999999999999996891e-01
-9.000000000000005773e-01 -8.999999999999996891e-01
-9.000000000000003553e-01 -8.999999999999996891e-01
-9.000000000000003553e-01 -8.999999999999995781e-01
-9.000000000000016875e-01 -8.999999999999999112e-01
-9.000000000000002442e-01 -8.999999999999996891e-01
-9.000000000000000222e-01 -8.999999999999991340e-01
-9.000000000000001332e-01 -8.999999999999994671e-01
-9.000000000000001332e-01 -8.999999999999983569e-01
-9.000000000000002442e-01 -8.999999999999974687e-01
-9.000000000000000222e-01 -8.999999999999970246e-01
-9.000000000000016875e-01 -8.999999999999965805e-01
-9.000000000000001332e-01 -8.999999999999964695e-01
-8.999999999999998002e-01 -8.999999999999959144e-01
-8.999999999999995781e-01 -8.999999999999943601e-01
-8.999999999999974687e-01 -8.999999999999921396e-01
-8.999999999999954703e-01 -8.999999999999899192e-01
-8.999999999999939160e-01 -8.999999999999879208e-01
-8.999999999999905853e-01 -8.999999999999850342e-01
-8.999999999999866995e-01 -8.999999999999810374e-01
-8.999999999999812594e-01 -8.999999999999757083e-01
-8.999999999999739320e-01 -8.999999999999690470e-01
-8.999999999999641620e-01 -8.999999999999588329e-01
-8.999999999999516165e-01 -8.999999999999459543e-01
-8.999999999999341860e-01 -8.999999999999310774e-01
-8.999999999999112044e-01 -8.999999999999070965e-01
-8.999999999998806732e-01 -8.999999999998762323e-01
-8.999999999998400391e-01 -8.999999999998361533e-01
-8.999999999997866373e-01 -8.999999999997829736e-01
-8.999999999997163602e-01 -8.999999999997128075e-01
-8.999999999996222133e-01 -8.999999999996194378e-01
-8.999999999994985345e-01 -8.999999999994952038e-01
-8.999999999993327782e-01 -8.999999999993306687e-01
-8.999999999991126209e-01 -8.999999999991110666e-01
-8.999999999988217425e-01 -8.999999999988205213e-01
-8.999999999984349408e-01 -8.999999999984349408e-01
-8.999999999979213516e-01 -8.999999999979209075e-01
-8.999999999972392306e-01 -8.999999999972392306e-01
-8.999999999963336217e-01 -8.999999999963339548e-01
-8.999999999951311391e-01 -8.999999999951305840e-01
-8.999999999935353046e-01 -8.999999999935341943e-01
-8.999999999914151116e-01 -8.999999999914141124e-01
-8.999999999885990309e-01 -8.999999999885988089e-01
-8.999999999848611321e-01 -8.999999999848616872e-01
-8.999999999798964367e-01 -8.999999999798979911e-01
-8.999999999733049316e-01 -8.999999999733070410e-01
-8.999999999645523774e-01 -8.999999999645554860e-01
-8.999999999529303407e-01 -8.999999999529326722e-01
-8.999999999374977966e-01 -8.999999999375005721e-01
-8.999999999170062992e-01 -8.999999999170071874e-01
-8.999999998897945108e-01 -8.999999998897955100e-01
-8.999999998536616364e-01 -8.999999998536623025e-01
-8.999999998056817940e-01 -8.999999998056822381e-01
-8.999999997419705355e-01 -8.999999997419712017e-01
-8.999999996573704308e-01 -8.999999996573715411e-01
-8.999999995450332912e-01 -8.999999995450342904e-01
-8.999999993958638367e-01 -8.999999993958650579e-01
-8.999999991977856162e-01 -8.999999991977872815e-01
-8.999999989347652329e-01 -8.999999989347662321e-01
-8.999999985855074991e-01 -8.999999985855087203e-01
-8.999999981217403633e-01 -8.999999981217408074e-01
-8.999999975059158608e-01 -8.999999975059169710e-01
-8.999999966881825353e-01 -8.999999966881840896e-01
-8.999999956023401193e-01 -8.999999956023415626e-01
-8.999999941604843734e-01 -8.999999941604857057e-01
-8.999999922458886692e-01 -8.999999922458911117e-01
-8.999999897035566576e-01 -8.999999897035591001e-01
-8.999999863276739731e-01 -8.999999863276773038e-01
-8.999999818449446742e-01 -8.999999818449475608e-01
-8.999999758924682736e-01 -8.999999758924701609e-01
-8.999999679883599057e-01 -8.999999679883614601e-01
-8.999999574927446400e-01 -8.999999574927430857e-01
-8.999999435559384864e-01 -8.999999435559389305e-01
-8.999999250496911740e-01 -8.999999250496926173e-01
-8.999999004758254539e-01 -8.999999004758277854e-01
-8.999998678449567802e-01 -8.999998678449586675e-01
-8.999998245154503529e-01 -8.999998245154510190e-01
-8.999997669795601896e-01 -8.999997669795615218e-01
-8.999996905794653834e-01 -8.999996905794673818e-01
-8.999995891301999507e-01 -8.999995891301995066e-01
-8.999994544189444667e-01 -8.999994544189450218e-01
-8.999992755401808875e-01 -8.999992755401832190e-01
-8.999990380128535250e-01 -8.999990380128566336e-01
-8.999987226080844449e-01 -8.999987226080851110e-01
-8.999983037925611828e-01 -8.999983037925627372e-01
-8.999977476616194405e-01 -8.999977476616203287e-01
-8.999970091946807305e-01 -8.999970091946826178e-01
-8.999960286109941476e-01 -8.999960286109958130e-01
-8.999947265307352007e-01 -8.999947265307364219e-01
-8.999929975499785240e-01 -8.999929975499803003e-01
-8.999907017097955597e-01 -8.999907017097968920e-01
-8.999876531695207849e-01 -8.999876531695225612e-01
-8.999836051684938498e-01 -8.999836051684957372e-01
-8.999782300609495689e-01 -8.999782300609514563e-01
-8.999710928116062547e-01 -8.999710928116069208e-01
-8.999616158129345456e-01 -8.999616158129355448e-01
-8.999490321876859600e-01 -8.999490321876870702e-01
-8.999323238170037209e-01 -8.999323238170040540e-01
-8.999101391137775963e-01 -8.999101391137775963e-01
-8.998806839490383069e-01 -8.998806839490368636e-01
-8.998415770148869841e-01 -8.998415770148870951e-01
-8.997896581149266160e-01 -8.997896581149245065e-01
-8.997207342145212561e-01 -8.997207342145191467e-01
-8.996292433122805576e-01 -8.996292433122785592e-01
-8.995078100116098430e-01 -8.995078100116069564e-01
-8.993466587293470482e-01 -8.993466587293460490e-01
-8.991328404003922081e-01 -8.991328404003928743e-01
-8.988492159696102046e-01 -8.988492159696103156e-01
-8.984731246882666778e-01 -8.984731246882666778e-01
-8.979746473909094862e-01 -8.979746473909097082e-01
-8.973143554201366001e-01 -8.973143554201371552e-01
-8.964404170593203158e-01 -8.964404170593219812e-01
-8.952849202430530617e-01 -8.952849202430546161e-01
-8.937592724652489995e-01 -8.937592724652512199e-01
-8.917485729401963823e-01 -8.917485729401986028e-01
-8.891049456485344837e-01 -8.891049456485353719e-01
-8.856400164964807198e-01 -8.856400164964810529e-01
-8.811170697940354790e-01 -8.811170697940355900e-01
-8.752439915161764894e-01 -8.752439915161767114e-01
-8.676689403044532956e-01 -8.676689403044537396e-01
-8.579817366309338000e-01 -8.579817366309345772e-01
-8.457249850523751444e-01 -8.457249850523761436e-01
-8.304193794585277288e-01 -8.304193794585281729e-01
-8.116065644075147745e-01 -8.116065644075146635e-01
-7.889093390919533766e-01 -7.889093390919545978e-01
-7.621026215741099064e-01 -7.621026215741122378e-01
-7.311810027170047022e-01 -7.311810027170080328e-01
-6.964037127992928067e-01 -6.964037127992964704e-01
-6.582997922435120941e-01 -6.582997922435158689e-01
-6.176266623565804803e-01 -6.176266623565832559e-01
-5.752901920726587459e-01 -5.752901920726603002e-01
-5.322462672194884226e-01 -5.322462672194894218e-01
-4.894070722940133678e-01 -4.894070722940136453e-01
-4.475696642616041054e-01 -4.475696642616042165e-01
-4.073744474419066508e-01 -4.073744474419065953e-01
-3.692920310433598918e-01 -3.692920310433592257e-01
-3.336315433006935560e-01 -3.336315433006924458e-01
-3.005619623594236178e-01 -3.005619623594225631e-01
-2.701390898695817944e-01 -2.701390898695813503e-01
-2.423329283074073803e-01 -2.423329283074071305e-01
-2.170523798251846048e-01 -2.170523798251843273e-01
-1.941658700610184585e-01 -1.941658700610180699e-01
-1.735176102589140734e-01 -1.735176102589137404e-01
-1.549398328436509265e-01 -1.549398328436509820e-01
-1.382616135986926564e-01 -1.382616135986922123e-01
-1.233149607493198713e-01 -1.233149607493192884e-01
-1.099388060670714595e-01 -1.099388060670709044e-01
-9.798143931163087739e-02 -9.798143931163028064e-02
-8.730182170824073162e-02 -8.730182170824017651e-02
-7.777011543557908746e-02 -7.777011543557854623e-02
-6.926768203824457126e-02 -6.926768203824401615e-02
-6.168673503483532855e-02 -6.168673503483484283e-02
-5.492977959253298598e-02 -5.492977959253249332e-02
-4.890893264942795110e-02 -4.890893264942742374e-02
-4.354518772904215212e-02 -4.354518772904157620e-02
-3.876766756213790438e-02 -3.876766756213723825e-02
-3.451289253850186450e-02 -3.451289253850140654e-02
-3.072408238435499206e-02 -3.072408238435458266e-02
-2.735050108781785297e-02 -2.735050108781746439e-02
-2.434685006349727315e-02 -2.434685006349692274e-02
-2.167271118312760758e-02 -2.167271118312732656e-02
-1.929203910994044258e-02 -1.929203910994015114e-02
-1.717270100445948688e-02 -1.717270100445919545e-02
-1.528606086422354404e-02 -1.528606086422328210e-02
-1.360660533879192585e-02 -1.360660533879167952e-02
-1.211160769688284650e-02 -1.211160769688261057e-02
-1.078082662550384346e-02 -1.078082662550363009e-02
-9.596236649600499435e-03 -9.596236649600294738e-03
-8.541787132561498574e-03 -8.541787132561300816e-03
-7.603187023990950685e-03 -7.603187023990766805e-03
-6.767712742169985571e-03 -6.767712742169825976e-03
-6.024036801917398778e-03 -6.024036801917248725e-03
-5.362075016076797013e-03 -5.362075016076670378e-03
-4.772850305726018642e-03 -4.772850305725910222e-03
-4.248371347696643097e-03 -4.248371347696547687e-03
-3.781524466826037545e-03 -3.781524466825954278e-03
-3.365977344207181886e-03 -3.365977344207107293e-03
-2.996093261829154732e-03 -2.996093261829093583e-03
-2.666854739061190038e-03 -2.666854739061134960e-03
-2.373795538288687220e-03 -2.373795538288636479e-03
-2.112940126629110193e-03 -2.112940126629066825e-03
-1.880749779043623584e-03 -1.880749779043583035e-03
-1.674074596311103582e-03 -1.674074596311066936e-03
-1.490110790200128207e-03 -1.490110790200095464e-03
-1.326362658662512319e-03 -1.326362658662483263e-03
-1.180608736815583247e-03 -1.180608736815556576e-03
-1.050871665649263237e-03 -1.050871665649237867e-03
-9.353913704908298991e-04 -9.353913704908071308e-04
-8.326011859225495790e-04 -8.326011859225288707e-04
-7.411066036516496649e-04 -7.411066036516305829e-04
-6.596663552974726995e-04 -6.596663552974561112e-04
-5.871755736534995957e-04 -5.871755736534845253e-04
-5.226508041205437435e-04 -5.226508041205295404e-04
-4.652166630662405984e-04 -4.652166630662282385e-04
-4.140939621797140851e-04 -4.140939621797030804e-04
-3.685891377581800845e-04 -3.685891377581701099e-04
-3.280848415511434125e-04 -3.280848415511344136e-04
-2.920315655359633248e-04 -2.920315655359553559e-04
-2.599401870182784760e-04 -2.599401870182712661e-04
-2.313753329313782939e-04 -2.313753329313717074e-04
-2.059494733187861861e-04 -2.059494733187803585e-04
-1.833176638743531212e-04 -1.833176638743477544e-04
-1.631728662179056475e-04 -1.631728662179007957e-04
-1.452417824211771921e-04 -1.452417824211728282e-04
-1.292811472745155244e-04 -1.292811472745116483e-04
-1.150744279942519672e-04 -1.150744279942485519e-04
-1.024288865977872001e-04 -1.024288865977841237e-04
-9.117296509332964796e-05 -9.117296509332692390e-05
-8.115395801052433119e-05 -8.115395801052186463e-05
-7.223594069631362590e-05 -7.223594069631149815e-05
-6.429792527014779728e-05 -6.429792527014595413e-05
-5.723221922116531965e-05 -5.723221922116370012e-05
-5.094296437908764889e-05 -5.094296437908625976e-05
-4.534483643760641109e-05 -4.534483643760522524e-05
-4.036188738717821982e-05 -4.036188738717714239e-05
-3.592651515292871885e-05 -3.592651515292782439e-05
-3.197854645910641760e-05 -3.197854645910560445e-05
-2.846442047762293875e-05 -2.846442047762220013e-05
-2.533646218551807749e-05 -2.533646218551742019e-05
-2.255223557323363288e-05 -2.255223557323300269e-05
-2.007396792888729847e-05 -2.007396792888673266e-05
-1.786803738800164616e-05 -1.786803738800108712e-05
-1.590451679644263431e-05 -1.590451679644210237e-05
-1.415676769830550113e-05 -1.415676769830500985e-05
-1.260107894051294514e-05 -1.260107894051251146e-05
-1.121634499119141581e-05 -1.121634499119101601e-05
-9.983779607674645072e-06 -9.983779607674274072e-06
-8.886660969560658893e-06 -8.886660969560314998e-06
-7.910104819124251781e-06 -7.910104819123931603e-06
-7.040862531353920363e-06 -7.040862531353641689e-06
-6.267141374094216371e-06 -6.267141374093974120e-06
-5.578444519820504779e-06 -5.578444519820266762e-06
-4.965428638537105971e-06 -4.965428638536884048e-06
-4.419777139807497466e-06 -4.419777139807298413e-06
-3.934087344231570330e-06 -3.934087344231382288e-06
-3.501770053661540543e-06 -3.501770053661351231e-06
-3.116960157657877963e-06 -3.116960157657690769e-06
-2.774437063411567321e-06 -2.774437063411395797e-06
-2.469553869630934395e-06 -2.469553869630782353e-06
-2.198174323517779919e-06 -2.198174323517643123e-06
-1.956616705548355543e-06 -1.956616705548236111e-06
-1.741603880761917648e-06 -1.741603880761818545e-06
-1.550218838918645071e-06 -1.550218838918566297e-06
-1.379865120354487960e-06 -1.379865120354439891e-06
-1.228231590643183647e-06 -1.228231590643154848e-06
-1.093261086174540303e-06 -1.093261086174511080e-06
-9.731225052735245699e-07 -9.731225052734909004e-07
-8.661859662293787262e-07 -8.661859662293388098e-07
-7.710006952116387937e-07 -7.710006952115897717e-07
-6.862753440855009083e-07 -6.862753440854384397e-07
-6.108604711045860365e-07 -6.108604711045130857e-07
-5.437329468023149596e-07 -5.437329468022395737e-07
-4.839820735216304430e-07 -4.839820735215591864e-07
-4.307972302710871542e-07 -4.307972302710131447e-07
-3.834568752890315309e-07 -3.834568752889686387e-07
-3.413187571172816436e-07 -3.413187571172271688e-07
-3.038112013809870364e-07 -3.038112013809339910e-07
-2.704253550651464738e-07 -2.704253550650968165e-07
-2.407082830684627695e-07 -2.407082830684049595e-07
-2.142568233776777279e-07 -2.142568233776075300e-07
-1.907121174974748063e-07 -1.907121174973955293e-07
-1.697547419319870569e-07 -1.697547419318902304e-07
-1.511003746683779788e-07 -1.511003746682641058e-07
-1.344959378710286745e-07 -1.344959378709166809e-07
-1.197161644554628481e-07 -1.197161644553484192e-07
-1.065605419618167639e-07 -1.065605419617128303e-07
-9.485059226646353787e-08 -9.485059226637197890e-08
-8.442745022633938960e-08 -8.442745022625546716e-08
-7.514970840634431743e-08 -7.514970840627329901e-08
-6.689149864992301351e-08 -6.689149864988354706e-08
-5.954078446601860257e-08 -5.954078446599800908e-08
-5.299784106581293942e-08 -5.299784106579843398e-08
-4.717390242839961654e-08 -4.717390242839612914e-08
-4.198995704059665828e-08 -4.198995704060208458e-08
-3.737567597299498748e-08 -3.737567597298827077e-08
-3.326845874982278516e-08 -3.326845874981076788e-08
-2.961258406835832323e-08 -2.961258406835055766e-08
-2.635845384585371095e-08 -2.635845384582491845e-08
-2.346192033812451752e-08 -2.346192033809284974e-08
-2.088368720127504909e-08 -2.088368720124679260e-08
-1.858877637077777038e-08 -1.858877637073530292e-08
-1.654605352523461390e-08 -1.654605352517045116e-08
-1.472780569697041679e-08 -1.472780569692254454e-08
-1.310936529913091187e-08 -1.310936529911339881e-08
-1.166877546837726374e-08 -1.166877546838487380e-08
-1.038649218312069558e-08 -1.038649218313822519e-08
-9.245119116064480436e-09 -9.245119116084835696e-09
-8.229171623783112400e-09 -8.229171623794185040e-09
-7.324866671501095009e-09 -7.324866671500031254e-09
-6.519935843103973953e-09 -6.519935843090271706e-09
-5.803458899431567890e-09 -5.803458899415253407e-09
-5.165715626891572300e-09 -5.165715626875435661e-09
-4.598053966430902147e-09 -4.598053966426151649e-09
-4.092772633841345342e-09 -4.092772633839894467e-09
-3.643016638856464600e-09 -3.643016638857822003e-09
-3.242684285716350586e-09 -3.242684285703952389e-09
-2.886344393381376304e-09 -2.886344393359295958e-09
-2.569162612469572630e-09 -2.569162612449317458e-09
-2.286835839203114063e-09 -2.286835839183382496e-09
-2.035533836520169496e-09 -2.035533836496352898e-09
-1.811847270476544688e-09 -1.811847270472748963e-09
-1.612741456987999277e-09 -1.612741456997973835e-09
-1.435515191150672027e-09 -1.435515191165946744e-09
-1.277764100879688388e-09 -1.277764100889351926e-09
-1.137348027585945470e-09 -1.137348027584367830e-09
-1.012361991309958560e-09 -1.012361991284513864e-09
-9.011103464427217816e-10 -9.011103464004799425e-10
-8.020837774890650961e-10 -8.020837774450725292e-10
-7.139388226666712010e-10 -7.139388226216568592e-10
-6.354796475507115410e-10 -6.354796475184046580e-10
-5.656418216102600535e-10 -5.656418215877384070e-10
-5.034778773963969809e-10 -5.034778773738497951e-10
-4.481444565509467521e-10 -4.481444565246083908e-10
-3.988908682482782757e-10 -3.988908682243781844e-10
-3.550489047956719251e-10 -3.550489047713854887e-10
-3.160237762971320325e-10 -3.160237762712156884e-10
-2.812860413130224639e-10 -2.812860412862711327e-10
-2.503644240977277413e-10 -2.503644240691378460e-10
-2.228394209650523670e-10 -2.228394209266429848e-10
-1.983376090077498742e-10 -1.983376089557983047e-10
-1.765265799531909866e-10 -1.765265799010869573e-10
-1.571104305504446150e-10 -1.571104305176805338e-10
-1.398257481368178169e-10 -1.398257481144687667e-10
-1.244380369261926997e-10 -1.244380369217655257e-10
-1.107385367618653378e-10 -1.107385367847924579e-10
-9.854139092046826249e-11 -9.854139096104600811e-11
-8.768112463220985500e-11 -8.768112466311741981e-11
-7.801040012630608078e-11 -7.801040013687645381e-11
-6.939801777465045592e-11 -6.939801776215030930e-11
-6.172713613404601814e-11 -6.172713610277856513e-11
-5.489368680798783710e-11 -5.489368676429557553e-11
-4.880496258692907691e-11 -4.880496252493272364e-11
-4.337835967987918984e-11 -4.337835960742753213e-11
-3.854025709906342470e-11 -3.854025702784729694e-11
-3.422501786381229325e-11 -3.422501779492142835e-11
-3.037409849058533232e-11 -3.037409844585576041e-11
-2.693525480999365073e-11 -2.693525477229154036e-11
-2.386183312296554898e-11 -2.386183309743013451e-11
-2.111213728349061699e-11 -2.111213728048959281e-11
-1.864886306375731849e-11 -1.864886307546937201e-11
-1.643859201645339956e-11 -1.643859201428301657e-11
-1.445133808235877987e-11 -1.445133808140203079e-11
-1.266014083903708161e-11 -1.266014082201426036e-11
-1.104069967154307551e-11 -1.104069965208575995e-11
-9.571044132846266873e-12 -9.571044116036596502e-12
-8.231235891565242150e-12 -8.231235889240063298e-12
-7.003098207160479368e-12 -7.003098207795033527e-12
-5.869969316320590825e-12 -5.869969311254233974e-12
-4.816476415788592679e-12 -4.816476409159498587e-12
-3.828327101264751935e-12 -3.828327112722909479e-12
-2.892115476742625004e-12 -2.892115494231309280e-12
-1.995140262104269675e-12 -1.995140275391198345e-12
-1.125232469429788431e-12 -1.125232488237625250e-12
-2.705903473991872011e-13 -2.705903686100728593e-13
5.803807482808008462e-13 5.803807350329193014e-13
1.439225690297652112e-12 1.439225667367732165e-12
2.317596160103520386e-12 2.317596114934774950e-12
3.227408712511882584e-12 3.227408655764846564e-12
4.181006465917576825e-12 4.181006409359146062e-12
5.191326599063728795e-12 5.191326534352990425e-12
6.272075793114711015e-12 6.272075741334705550e-12
7.437916234474448096e-12 7.437916194521325626e-12
8.704664518087367919e-12 8.704664469742249334e-12
1.008950620382217070e-11 1.008950614333613614e-11
1.161122898395981058e-11 1.161122892780751903e-11
1.329047759143714056e-11 1.329047754231955645e-11
1.515003385015125048e-11 1.515003382552980919e-11
1.721512576952899306e-11 1.721512576674834788e-11
1.951376980663032178e-11 1.951376981352766716e-11
2.207715091669610712e-11 2.207715094079291880e-11
2.494004566223533458e-11 2.494004570504967963e-11
2.814129403697619136e-11 2.814129408895119011e-11
3.172432635591318411e-11 3.172432641171844593e-11
3.573775247403129383e-11 3.573775253102389587e-11
4.023602124908446329e-11 4.023602129857184236e-11
4.528015926550242205e-11 4.528015929299185039e-11
5.093859873418964575e-11 5.093859873092259252e-11
5.728810587725180815e-11 5.728810585309302901e-11
6.441482243154148782e-11 6.441482239423012335e-11
7.241543428200114259e-11 7.241543423035042126e-11
8.139848316278230217e-11 8.139848311603956653e-11
9.148583923934996503e-11 9.148583918255004438e-11
1.028143544366381410e-10 1.028143543784290535e-10
1.155377190951576726e-10 1.155377190585168285e-10
1.298285470377947874e-10 1.298285470301784185e-10
1.458807173663792684e-10 1.458807173711024955e-10
1.639120047332584410e-10 1.639120047654053421e-10
1.841670338595230469e-10 1.841670339130883941e-10
2.069205982485298699e-10 2.069205983093519950e-10
2.324813882251671525e-10 2.324813882990253080e-10
2.611961788597222508e-10 2.611961789455337090e-10
2.934545345371137546e-10 2.934545346232028870e-10
3.296940940644206442e-10 3.296940941303313777e-10
3.704065079492909761e-10 3.704065079889843751e-10
4.161441084821813538e-10 4.161441085055118279e-10
4.675274030642678689e-10 4.675274030775073082e-10
5.252534924334828061e-10 5.252534924255043389e-10
5.901055279681819761e-10 5.901055279514703428e-10
6.629633365163920712e-10 6.629633364819718452e-10
7.448153566633841179e-10 7.448153566036941445e-10
8.367720485821435967e-10 8.367720484969219699e-10
9.400809593055017016e-10 9.400809592106482804e-10
1.056143647781889917e-09 1.056143647709025852e-09
1.186534699410203768e-09 1.186534699355492595e-09
1.333023087885556706e-09 1.333023087856049520e-09
1.497596174338349291e-09 1.497596174336660601e-09
1.682486669217070967e-09 1.682486669221981111e-09
1.890202922725461402e-09 1.890202922738135463e-09
2.123562954853842239e-09 2.123562954882266646e-09
2.385732686539570951e-09 2.385732686578118395e-09
2.680268890708145297e-09 2.680268890760238237e-09
3.011167445853610839e-09 3.011167445926320842e-09
3.382917546879997754e-09 3.382917546947573034e-09
3.800562608518400202e-09 3.800562608580403179e-09
4.269768687769342442e-09 4.269768687824258963e-09
4.796901353475196546e-09 4.796901353521219220e-09
5.389112045955807741e-09 5.389112045981963192e-09
6.054435098303626810e-09 6.054435098307094351e-09
6.801896735616107991e-09 6.801896735602076527e-09
7.641637530922097571e-09 7.641637530896102593e-09
8.585049979077534960e-09 8.585049979030637128e-09
9.644933055084504533e-09 9.644933055029695545e-09
1.083566585370697889e-08 1.083566585365906197e-08
1.217340266608673163e-08 1.217340266604593674e-08
1.367629213979087980e-08 1.367629213976266632e-08
1.536472349573172999e-08 1.536472349570654068e-08
1.726160314221425616e-08 1.726160314219038704e-08
1.939266543884746170e-08 1.939266543881650529e-08
2.178682182635656959e-08 2.178682182632885573e-08
2.447655305888349498e-08 2.447655305884974601e-08
2.749834985996327697e-08 2.749834985993704873e-08
3.089320798052921812e-08 3.089320798053144820e-08
3.470718437514792784e-08 3.470718437517708430e-08
3.899202204198970927e-08 3.899202204204207973e-08
4.380585200353146013e-08 4.380585200359553685e-08
4.921398195156128342e-08 4.921398195163334078e-08
5.528978225574177001e-08 5.528978225581223256e-08
6.211568135597149161e-08 6.211568135602020924e-08
6.978428404262772313e-08 6.978428404266509845e-08
7.839962779619164497e-08 7.839962779623277900e-08
8.807859423049133697e-08 8.807859423052351099e-08
9.895249478811629036e-08 9.895249478813222517e-08
1.111688522008288385e-07 1.111688522008227240e-07
1.248934018832674327e-07 1.248934018832363042e-07
1.403123404123186801e-07 1.403123404122588054e-07
1.576348515965289192e-07 1.576348515964445336e-07
1.770959444059709489e-07 1.770959444058784635e-07
1.989596412637824686e-07 1.989596412636981888e-07
2.235225599539626488e-07 2.235225599538754308e-07
2.511179377399625520e-07 2.511179377398962716e-07
2.821201522881299664e-07 2.821201522880917441e-07
3.169498007297764873e-07 3.169498007297616642e-07
3.560794057679434777e-07 3.560794057679605242e-07
4.000398262418497489e-07 4.000398262418848478e-07
4.494274591189825219e-07 4.494274591190361497e-07
5.049123306220743052e-07 5.049123306221311623e-07
5.672471862605733909e-07 5.672471862606320480e-07
6.372777030883332861e-07 6.372777030883751084e-07
7.159539627337195011e-07 7.159539627337468179e-07
8.043433408532881340e-07 8.043433408532951220e-07
9.036449878759979225e-07 9.036449878759895580e-07
1.015206097493652098e-06 1.015206097493616946e-06
1.140540183606886927e-06 1.140540183606831023e-06
1.281347613684310023e-06 1.281347613684238448e-06
1.439538677104225237e-06 1.439538677104139687e-06
1.617259501439779196e-06 1.617259501439677552e-06
1.816921168285456080e-06 1.816921168285357825e-06
2.041232423630124349e-06 2.041232423630035411e-06
2.293236426547644618e-06 2.293236426547560338e-06
2.576352034762908048e-06 2.576352034762825039e-06
2.894420187201367939e-06 2.894420187201289165e-06
3.251756012779161926e-06 3.251756012779087387e-06
3.653207372377241452e-06 3.653207372377162255e-06
4.104220628219701178e-06 4.104220628219619863e-06
4.610914532928410753e-06 4.610914532928321815e-06
5.180163240683084247e-06 5.180163240682985991e-06
5.819689566672764391e-06 5.819689566672650889e-06
6.538169760059662384e-06 6.538169760059526012e-06
7.345351211876760580e-06 7.345351211876608114e-06
8.252184694764541376e-06 8.252184694764360111e-06
9.270972928600830851e-06 9.270972928600637727e-06
1.041553748756623876e-05 1.041553748756601853e-05
1.170140631301978651e-05 1.170140631301952901e-05
1.314602437611164267e-05 1.314602437611135129e-05
1.476899034812506748e-05 1.476899034812474731e-05
1.659232248937811730e-05 1.659232248937775816e-05
1.864075736391396541e-05 1.864075736391356222e-05
2.094208543254591558e-05 2.094208543254545818e-05
2.352752807713949165e-05 2.352752807713900376e-05
2.643216117109778299e-05 2.643216117109723750e-05
2.969539094249282142e-05 2.969539094249223188e-05
3.336148858572311651e-05 3.336148858572246599e-05
3.748019087459758135e-05 3.748019087459686306e-05
4.210737492516514158e-05 4.210737492516434199e-05
4.730581626257202867e-05 4.730581626257116131e-05
5.314604047638408769e-05 5.314604047638310513e-05
5.970728001849057544e-05 5.970728001848946414e-05
6.707854912413358536e-05 6.707854912413235208e-05
7.535985143913536397e-05 7.535985143913394096e-05
8.466353673676119585e-05 8.466353673675965086e-05
9.511582513028592895e-05 9.511582513028419422e-05
1.068585194596590295e-04 1.068585194596571321e-04
1.200509290835173999e-04 1.200509290835151909e-04
1.348720311757973416e-04 1.348720311757947666e-04
1.515228988482575064e-04 1.515228988482546061e-04
1.702294290400340631e-04 1.702294290400307834e-04
1.912454071820108084e-04 1.912454071820070679e-04
2.148559502124429790e-04 2.148559502124388319e-04
2.413813746528736782e-04 2.413813746528689619e-04
2.711815422195173911e-04 2.711815422195121327e-04
3.046607419231102962e-04 3.046607419231045499e-04
3.422731748875468077e-04 3.422731748875403567e-04
3.845291162930175241e-04 3.845291162930103684e-04
4.320018380335834455e-04 4.320018380335756934e-04
4.853353859964864431e-04 4.853353859964778779e-04
5.452533174606222352e-04 5.452533174606123689e-04
6.125685171311978563e-04 6.125685171311876648e-04
6.881942249525581454e-04 6.881942249525470866e-04
7.731564252688240572e-04 7.731564252688114805e-04
8.686077653537765302e-04 8.686077653537622187e-04
9.758431920554768834e-04 9.758431920554613793e-04
1.096317518575643446e-03 1.096317518575626749e-03
1.231665159540282304e-03 1.231665159540263656e-03
1.383722301865043369e-03 1.383722301865022769e-03
1.554551811865812145e-03 1.554551811865791111e-03
1.746471216046995055e-03 1.746471216046971420e-03
1.962084134501271022e-03 1.962084134501246302e-03
2.204315592413987751e-03 2.204315592413961730e-03
2.476451687379704111e-03 2.476451687379678523e-03
2.782184148767107620e-03 2.782184148767077262e-03
3.125660390935970818e-03 3.125660390935937859e-03
3.511539735506754613e-03 3.511539735506721653e-03
3.945056559965826048e-03 3.945056559965793089e-03
4.432091221572091386e-03 4.432091221572061895e-03
4.979249707776843038e-03 4.979249707776810946e-03
5.593953078165972426e-03 5.593953078165941201e-03
6.284537889261394318e-03 6.284537889261364828e-03
7.060368933288779618e-03 7.060368933288750995e-03
7.931965775993058895e-03 7.931965775993029405e-03
8.911144747241210931e-03 8.911144747241184910e-03
1.001117822150286718e-02 1.001117822150284810e-02
1.124697322260241432e-02 1.124697322260239177e-02
1.263527159649696120e-02 1.263527159649693692e-02
1.419487421362283265e-02 1.419487421362281010e-02
1.594689188236903324e-02 1.594689188236900201e-02
1.791502586751974116e-02 1.791502586751970300e-02
2.012588109665013753e-02 2.012588109665007854e-02
2.260931528020757031e-02 2.260931528020750092e-02
2.539882723290053795e-02 2.539882723290047550e-02
2.853198761464535368e-02 2.853198761464526695e-02
3.205091503574450384e-02 3.205091503574437894e-02
3.600279988857169738e-02 3.600279988857155861e-02
4.044047722793193272e-02 4.044047722793174537e-02
4.542304831418615685e-02 4.542304831418593480e-02
5.101654776252677326e-02 5.101654776252649570e-02
5.729464919908982407e-02 5.729464919908941467e-02
6.433939634685446884e-02 6.433939634685406639e-02
7.224193778665741195e-02 7.224193778665691235e-02
8.110323123858914629e-02 8.110323123858859118e-02
9.103466574841517778e-02 9.103466574841451164e-02
1.021585259429810405e-01 1.021585259429803189e-01
1.146081894731836720e-01 1.146081894731829920e-01
1.285279045580896562e-01 1.285279045580889901e-01
1.440719368690073776e-01 1.440719368690067115e-01
1.614028022272550600e-01 1.614028022272543661e-01
1.806882141023354593e-01 1.806882141023349320e-01
2.020962773532627432e-01 2.020962773532621881e-01
2.257883647830126739e-01 2.257883647830121743e-01
2.519090472521791080e-01 2.519090472521788859e-01
2.805724585877003019e-01 2.805724585876999133e-01
3.118446387342586057e-01 3.118446387342582726e-01
3.457218186626948575e-01 3.457218186626945244e-01
3.821054134512090750e-01 3.821054134512082978e-01
4.207757773421875735e-01 4.207757773421868519e-01
4.613685345361360213e-01 4.613685345361354662e-01
5.033592646990552311e-01 5.033592646990547870e-01
5.460638206382495419e-01 5.460638206382487647e-01
5.886614848269811073e-01 5.886614848269804412e-01
6.302453052670796696e-01 6.302453052670790035e-01
6.698977209263667909e-01 6.698977209263657917e-01
7.067811034583550978e-01 7.067811034583545426e-01
7.402253338398150362e-01 7.402253338398143701e-01
7.697922032226545141e-01 7.697922032226536260e-01
7.953017587576234337e-01 7.953017587576226566e-01
8.168171033849683793e-01 8.168171033849672691e-01
8.345963297527245750e-01 8.345963297527240199e-01
8.490276804562594259e-01 8.490276804562578716e-01
8.605644149349467309e-01 8.605644149349443994e-01
8.696709583106581043e-01 8.696709583106549957e-01
8.767853234167626297e-01 8.767853234167599652e-01
8.822974710094989570e-01 8.822974710094962925e-01
8.865403486755354390e-01 8.865403486755327744e-01
8.897895387296217429e-01 8.897895387296194114e-01
8.922678998810247286e-01 8.922678998810229523e-01
8.941525278564042001e-01 8.941525278564030899e-01
8.955823074675713924e-01 8.955823074675711704e-01
8.966650776213442864e-01 8.966650776213449525e-01
8.974839440721438244e-01 8.974839440721448236e-01
8.981025897222523202e-01 8.981025897222544296e-01
8.985696055813457983e-01 8.985696055813489069e-01
8.989219478492060933e-01 8.989219478492094240e-01
8.991876554872288985e-01 8.991876554872320071e-01
8.993879628962595518e-01 8.993879628962634376e-01
8.995389290520277026e-01 8.995389290520316994e-01
8.996526862615392695e-01 8.996526862615414899e-01
8.997383931059901307e-01 8.997383931059923512e-01
8.998029592397411847e-01 8.998029592397438492e-01
8.998515953031197556e-01 8.998515953031221981e-01
8.998882293753138750e-01 8.998882293753163175e-01
8.999158219196278230e-01 8.999158219196305986e-01
8.999366037148994746e-01 8.999366037149020281e-01
8.999522554647241268e-01 8.999522554647270134e-01
8.999640433008018192e-01 8.999640433008047058e-01
8.999729209660912721e-01 8.999729209660950469e-01
8.999796068455474529e-01 8.999796068455520048e-01
8.999846420211824460e-01 8.999846420211872200e-01
8.999884340176529385e-01 8.999884340176582675e-01
8.999912897607126316e-01 8.999912897607182938e-01
8.999934404058578252e-01 8.999934404058634874e-01
8.999950600410252521e-01 8.999950600410300261e-01
8.999962797739380349e-01 8.999962797739431419e-01
8.999971983425778532e-01 8.999971983425829603e-01
8.999978901066123527e-01 8.999978901066167936e-01
8.999984110661104486e-01 8.999984110661145564e-01
8.999988033944271715e-01 8.999988033944308352e-01
8.999990988520043533e-01 8.999990988520075730e-01
8.999993213573481698e-01 8.999993213573511674e-01
8.999994889232456607e-01 8.999994889232489914e-01
8.999996151149293189e-01 8.999996151149316503e-01
8.999997101482194450e-01 8.999997101482219986e-01
8.999997817165262814e-01 8.999997817165281688e-01
8.999998356136612587e-01 8.999998356136627020e-01
8.999998762028701416e-01 8.999998762028716959e-01
8.999999067700561461e-01 8.999999067700581445e-01
8.999999297897917083e-01 8.999999297897938177e-01
8.999999471256439065e-01 8.999999471256461270e-01
8.999999601810378946e-01 8.999999601810414473e-01
8.999999700128795688e-01 8.999999700128830105e-01
8.999999774171065781e-01 8.999999774171095757e-01
8.999999829931288886e-01 8.999999829931321083e-01
8.999999871923556327e-01 8.999999871923590744e-01
8.999999903547366564e-01 8.999999903547396540e-01
8.999999927362825058e-01 8.999999927362856145e-01
8.999999945297929571e-01 8.999999945297953996e-01
8.999999958804596467e-01 8.999999958804634215e-01
8.999999968976293285e-01 8.999999968976332143e-01
8.999999976636466892e-01 8.999999976636497978e-01
8.999999982405235688e-01 8.999999982405268995e-01
8.999999986749616099e-01 8.999999986749647185e-01
8.999999990021309015e-01 8.999999990021340102e-01
8.999999992485182565e-01 8.999999992485208100e-01
8.999999994340687204e-01 8.999999994340716070e-01
8.999999995738041658e-01 8.999999995738072744e-01
8.999999996790379875e-01 8.999999996790404300e-01
8.999999997582879274e-01 8.999999997582901479e-01
8.999999998179696314e-01 8.999999998179719629e-01
8.999999998629156783e-01 8.999999998629171216e-01
8.999999998967633807e-01 8.999999998967649351e-01
8.999999999222536573e-01 8.999999999222553226e-01
8.999999999414505236e-01 8.999999999414517449e-01
8.999999999559062935e-01 8.999999999559079589e-01
8.999999999667933626e-01 8.999999999667951389e-01
8.999999999749919155e-01 8.999999999749939139e-01
8.999999999811665319e-01 8.999999999811687523e-01
8.999999999858164790e-01 8.999999999858190325e-01
8.999999999893181224e-01 8.999999999893211200e-01
8.999999999919550131e-01 8.999999999919585658e-01
8.999999999939408690e-01 8.999999999939454209e-01
8.999999999954362284e-01 8.999999999954411134e-01
8.999999999965626607e-01 8.999999999965675457e-01
8.999999999974108711e-01 8.999999999974157561e-01
8.999999999980499155e-01 8.999999999980551335e-01
8.999999999985306420e-01 8.999999999985363042e-01
8.999999999988922417e-01 8.999999999988983479e-01
8.999999999991650235e-01 8.999999999991707966e-01
8.999999999993724131e-01 8.999999999993766320e-01
8.999999999995251798e-01 8.999999999995313971e-01
8.999999999996416422e-01 8.999999999996481925e-01
8.999999999997306821e-01 8.999999999997359001e-01
8.999999999997967404e-01 8.999999999998014033e-01
8.999999999998467004e-01 8.999999999998514744e-01
8.999999999998840039e-01 8.999999999998892219e-01
8.999999999999124256e-01 8.999999999999175326e-01
8.999999999999332978e-01 8.999999999999388489e-01
8.999999999999482858e-01 8.999999999999550582e-01
8.999999999999609424e-01 8.999999999999672706e-01
8.999999999999701572e-01 8.999999999999764855e-01
8.999999999999768185e-01 8.999999999999831468e-01
8.999999999999818145e-01 8.999999999999886979e-01
8.999999999999854783e-01 8.999999999999924727e-01
8.999999999999881428e-01 8.999999999999954703e-01
8.999999999999906963e-01 8.999999999999978018e-01
8.999999999999912514e-01 8.999999999999990230e-01
8.999999999999925837e-01 8.999999999999998002e-01
8.999999999999935829e-01 9.000000000000006883e-01
8.999999999999943601e-01 9.000000000000010214e-01
8.999999999999952482e-01 9.000000000000012434e-01
8.999999999999959144e-01 9.000000000000012434e-01
8.999999999999966915e-01 9.000000000000014655e-01
8.999999999999965805e-01 9.000000000000019096e-01
8.999999999999966915e-01 9.000000000000022427e-01
8.999999999999963585e-01 9.000000000000017986e-01
8.999999999999963585e-01 9.000000000000016875e-01
8.999999999999963585e-01 9.000000000000023537e-01
8.999999999999964695e-01 9.000000000000019096e-01
8.999999999999962474e-01 9.000000000000017986e-01
8.999999999999961364e-01 9.000000000000023537e-01
8.999999999999958034e-01 9.000000000000025757e-01
8.999999999999959144e-01 9.000000000000026867e-01
8.999999999999960254e-01 9.000000000000029088e-01
8.999999999999956923e-01 9.000000000000027978e-01
8.999999999999959144e-01 9.000000000000026867e-01
8.999999999999964695e-01 9.000000000000023537e-01
8.999999999999963585e-01 9.000000000000022427e-01
8.999999999999969136e-01 9.000000000000019096e-01
8.999999999999974687e-01 9.000000000000016875e-01
8.999999999999978018e-01 9.000000000000014655e-01
8.999999999999981348e-01 9.000000000000016875e-01
8.999999999999981348e-01 9.000000000000014655e-01
8.999999999999982458e-01 9.000000000000019096e-01
8.999999999999982458e-01 9.000000000000019096e-01
8.999999999999986899e-01 9.000000000000014655e-01
8.999999999999988010e-01 9.000000000000012434e-01
8.999999999999992450e-01 9.000000000000014655e-01
8.999999999999991340e-01 9.000000000000014655e-01
8.999999999999990230e-01 9.000000000000015765e-01
8.999999999999988010e-01 9.000000000000016875e-01
8.999999999999983569e-01 9.000000000000017986e-01
8.999999999999983569e-01 9.000000000000016875e-01
8.999999999999982458e-01 9.000000000000015765e-01
8.999999999999988010e-01 9.000000000000016875e-01
8.999999999999991340e-01 9.000000000000021316e-01
8.999999999999989120e-01 9.000000000000019096e-01
8.999999999999989120e-01 9.000000000000020206e-01
8.999999999999991340e-01 9.000000000000024647e-01
8.999999999999992450e-01 9.000000000000027978e-01
8.999999999999995781e-01 9.000000000000030198e-01
8.999999999999992450e-01 9.000000000000030198e-01
9.000000000000001332e-01 9.000000000000030198e-01
9.000000000000005773e-01 9.000000000000025757e-01
9.000000000000006883e-01 9.000000000000023537e-01
9.000000000000005773e-01 9.000000000000024647e-01
9.000000000000005773e-01 9.000000000000024647e-01
9.000000000000005773e-01 9.000000000000021316e-01
9.000000000000010214e-01 9.000000000000016875e-01
9.000000000000003553e-01 9.000000000000012434e-01
8.999999999999999112e-01 9.000000000000007994e-01
9.000000000000003553e-01 9.000000000000010214e-01
8.999999999999999112e-01 9.000000000000007994e-01
8.999999999999995781e-01 9.000000000000007994e-01
8.999999999999990230e-01 9.000000000000004663e-01
8.999999999999992450e-01 9.000000000000005773e-01
8.999999999999995781e-01 9.000000000000002442e-01
8.999999999999996891e-01 9.000000000000000222e-01
9.000000000000001332e-01 8.999999999999999112e-01
9.000000000000006883e-01 9.000000000000003553e-01
9.000000000000007994e-01 8.999999999999999112e-01
9.000000000000011324e-01 8.999999999999996891e-01
9.000000000000012434e-01 8.999999999999996891e-01
9.000000000000019096e-01 9.000000000000001332e-01
9.000000000000025757e-01 9.000000000000001332e-01
9.000000000000033529e-01 9.000000000000001332e-01
9.000000000000039080e-01 8.999999999999994671e-01
9.000000000000045741e-01 8.999999999999993561e-01
9.000000000000052403e-01 8.999999999999986899e-01
9.000000000000054623e-01 8.999999999999979128e-01
9.000000000000061284e-01 8.999999999999971356e-01
9.000000000000065725e-01 8.999999999999963585e-01
9.000000000000072387e-01 8.999999999999959144e-01
9.000000000000072387e-01 8.999999999999951372e-01
9.000000000000079048e-01 8.999999999999945821e-01
9.000000000000085709e-01 8.999999999999943601e-01
9.000000000000067946e-01 8.999999999999939160e-01
9.000000000000062395e-01 8.999999999999943601e-01
9.000000000000059064e-01 8.999999999999955813e-01
9.000000000000050182e-01 8.999999999999963585e-01
9.000000000000035749e-01 8.999999999999976907e-01
9.000000000000020206e-01 8.999999999999983569e-01
9.000000000000012434e-01 8.999999999999992450e-01
9.000000000000000222e-01 9.000000000000000222e-01
