1.316973145201807860e+00
1.316973145201807860e+00
1.316973145201807860e+00
1.316973145201807860e+00
1.316973145201807860e+00
1.316973145201807860e+00
1.316973145201807860e+00
1.316973145201807860e+00
1.316973145201807860e+00
1.316973145201807860e+00
1.316973145201807860e+00
1.316973145201807860e+00
1.316973145201807860e+00
1.316973145201807860e+00
1.316973145201807860e+00
1.316973145201807860e+00
1.316973145201807860e+00
1.316973145201807860e+00
1.316973145201807860e+00
1.316973145201807860e+00
1.316973145201807860e+00
1.316973145201807860e+00
1.316973145201807860e+00
1.316973145201807860e+00
1.316973145201807860e+00
1.316973145201807860e+00
1.316973145201807860e+00
1.316973145201807860e+00
1.316973145201807860e+00
1.316973145201807860e+00
1.316973145201807860e+00
1.316973145201807860e+00
1.316973145201807860e+00
1.316973145201807860e+00
1.316973145201807860e+00
1.316973145201807860e+00
1.316973145201807860e+00
1.316973145201807860e+00
1.316973145201807860e+00
1.316973145201807860e+00
1.316973145201807860e+00
1.316973145201807860e+00
1.316973145201807860e+00
1.316973145201807860e+00
1.316973145201807860e+00
1.316973145201807860e+00
1.316973145201807860e+00
1.316973145201807860e+00
1.316973145201807860e+00
1.316973145201807860e+00
1.316973145201807860e+00
1.316973145201807860e+00
1.316973145201807860e+00
1.316973145201807860e+00
1.316973145201807860e+00
1.316973145201807860e+00
1.316973145201807860e+00
1.316973145201807860e+00
1.316973145201807860e+00
1.316973145201807860e+00
1.316973145201807860e+00
1.316973145201807860e+00
1.316973145201807860e+00
1.316973145201807860e+00
1.316973145201807860e+00
