-7.100319048701921876e-01
-7.100319048701921876e-01
-7.100319048701921876e-01
-7.100319048701921876e-01
-7.100319048701921876e-01
-7.100319048701921876e-01
-7.100319048701921876e-01
-7.100319048701921876e-01
-7.100319048701921876e-01
-7.100319048701921876e-01
-7.100319048701921876e-01
-7.100319048701921876e-01
-7.100319048701921876e-01
-7.100319048701921876e-01
-7.100319048701921876e-01
-7.100319048701921876e-01
-7.100319048701921876e-01
-7.100319048701921876e-01
-7.100319048701921876e-01
-7.100319048701921876e-01
-7.100319048701921876e-01
-7.100319048701921876e-01
-7.100319048701921876e-01
-7.100319048701921876e-01
-7.100319048701921876e-01
-7.100319048701921876e-01
-7.100319048701921876e-01
-7.100319048701921876e-01
-7.100319048701921876e-01
-7.100319048701921876e-01
-7.100319048701921876e-01
-7.100319048701921876e-01
-7.100319048701921876e-01
-7.100319048701921876e-01
-7.100319048701921876e-01
-7.100319048701921876e-01
-7.100319048701921876e-01
-7.100319048701921876e-01
-7.100319048701921876e-01
-7.100319048701921876e-01
-7.100319048701921876e-01
-7.100319048701921876e-01
-7.100319048701921876e-01
-7.100319048701921876e-01
-7.100319048701921876e-01
-7.100319048701921876e-01
-7.100319048701921876e-01
-7.100319048701921876e-01
-7.100319048701921876e-01
-7.100319048701921876e-01
-7.100319048701921876e-01
-7.100319048701921876e-01
-7.100319048701921876e-01
-7.100319048701921876e-01
-7.100319048701921876e-01
-7.100319048701921876e-01
-7.100319048701921876e-01
-7.100319048701921876e-01
-7.100319048701921876e-01
-7.100319048701921876e-01
-7.100319048701921876e-01
-7.100319048701921876e-01
-7.100319048701921876e-01
-7.100319048701921876e-01
-7.100319048701921876e-01
