-7.566198193865527610e-01
-7.461504565535812539e-01
-7.335846491047801621e-01
-7.187313814613081053e-01
-7.013860576679128433e-01
-6.813382243981938036e-01
-6.583819250133896572e-01
-6.323290160370819146e-01
-6.030255721111771328e-01
-5.703711705817784416e-01
-5.343403746251437214e-01
-4.950051475453114413e-01
-4.525562992052937217e-01
-4.073215095989172752e-01
-3.597771584140573853e-01
-3.105512863967375137e-01
-2.604156492365246600e-01
-2.102660066251368642e-01
-1.610913633292509195e-01
-1.139345310823844382e-01
-6.984770954113474206e-02
-2.984743349307442117e-02
5.126981085164458891e-03
3.424836994153506592e-02
5.682841705309193275e-02
7.233607642798542403e-02
8.040891763094874800e-02
8.085921406127184741e-02
7.367651570417409201e-02
5.902778011302298872e-02
3.725512496447670047e-02
8.870235322296023822e-03
-2.545626444613105499e-02
-6.491231976933316272e-02
-1.085701428040963812e-01
-1.554202289292702932e-01
-2.044122678755500300e-01
-2.544999863831071130e-01
-3.046858712818416581e-01
-3.540614051494689885e-01
-4.018389990982685900e-01
-4.473730729386830030e-01
-4.901693682508579397e-01
-5.298831821501144290e-01
-5.663084490097316515e-01
-5.993602990521376128e-01
-6.290538781048348183e-01
-6.554819365886819238e-01
-6.787931589514863973e-01
-6.991725747109488465e-01
-7.168247960966219745e-01
-7.319603396635681047e-01
-7.447849381261708590e-01
-7.554915291690794676e-01
-7.642544973800553532e-01
-7.712257148886949576e-01
-7.765319484197586997e-01
-7.802732531136388205e-01
-7.825220407339671391e-01
-7.833225816915782014e-01
-7.826907712661795857e-01
-7.806140585105322272e-01
-7.770515018278900676e-01
-7.719339796358395400e-01
-7.651646498141491115e-01
