-9.000000000000000222e-01 -9.000000000000000222e-01
-8.997673758333831762e-01 -9.001429709754360520e-01
-8.995345876553015874e-01 -9.002860409653808960e-01
-8.993014711257432126e-01 -9.004293084465005981e-01
-8.990678617833840480e-01 -9.005728724163615251e-01
-8.988335949089726329e-01 -9.007168323820646805e-01
-8.985985053926149879e-01 -9.008612883648733360e-01
-8.983624276040700352e-01 -9.010063409177722082e-01
-8.981251952653273030e-01 -9.011520911534987022e-01
-8.978866413248611789e-01 -9.012986407810794631e-01
-8.976465978330587792e-01 -9.014460921492949419e-01
-8.974048958184017710e-01 -9.015945482958132029e-01
-8.971613651640453213e-01 -9.017441130009890005e-01
-8.969158344844923025e-01 -9.018948908455273195e-01
-8.966681310021008544e-01 -9.020469872713779980e-01
-8.964180804232000366e-01 -9.022005086453579459e-01
-8.961655068136130664e-01 -9.023555623251090507e-01
-8.959102324734092848e-01 -9.025122567270796869e-01
-8.956520778107249781e-01 -9.026707013962933512e-01
-8.953908612145050627e-01 -9.028310070777195717e-01
-8.951263989260288545e-01 -9.029932857891089792e-01
-8.948585049090920229e-01 -9.031576508951913995e-01
-8.945869907187226078e-01 -9.033242171831615819e-01
-8.943116653683143014e-01 -9.034931009394071566e-01
-8.940323351950641984e-01 -9.036644200274446259e-01
-8.937488037236046567e-01 -9.038382939670506211e-01
-8.934608715277205793e-01 -9.040148440145864273e-01
-8.931683360900443125e-01 -9.041941932445201058e-01
-8.928709916596234697e-01 -9.043764666321665313e-01
-8.925686291072522094e-01 -9.045617911376624409e-01
-8.922610357784626078e-01 -9.047502957912080257e-01
-8.919479953440653253e-01 -9.049421117796039304e-01
-8.916292876481349827e-01 -9.051373725341206322e-01
-8.913046885533281172e-01 -9.053362138197376119e-01
-8.909739697834249128e-01 -9.055387738257918429e-01
-8.906368987629825762e-01 -9.057451932580796727e-01
-8.902932384539857802e-01 -9.059556154324541755e-01
-8.899427471893798236e-01 -9.061701863699632709e-01
-8.895851785033691561e-01 -9.063890548935756852e-01
-8.892202809583610312e-01 -9.066123727265396059e-01
-8.888477979684331620e-01 -9.068402945924228797e-01
-8.884674676192028109e-01 -9.070729783168814953e-01
-8.880790224839683056e-01 -9.073105849312058657e-01
-8.876821894359970821e-01 -9.075532787776912080e-01
-8.872766894568273610e-01 -9.078012276168824224e-01
-8.868622374404500075e-01 -9.080546027367402129e-01
-8.864385419932323540e-01 -9.083135790637789642e-01
-8.860053052294472042e-01 -9.085783352762216714e-01
-8.855622225622604704e-01 -9.088490539192224382e-01
-8.851089824900343350e-01 -9.091259215222025070e-01
-8.846452663777955028e-01 -9.094091287183472261e-01
-8.841707482337156643e-01 -9.096988703663098086e-01
-8.836850944804495178e-01 -9.099953456741690649e-01
-8.831879637211693668e-01 -9.102987583256832993e-01
-8.826790065001332009e-01 -9.106093166088865543e-01
-8.821578650576203939e-01 -9.109272335470681714e-01
-8.816241730790619346e-01 -9.112527270321777451e-01
-8.810775554381922170e-01 -9.115860199606943270e-01
-8.805176279340409806e-01 -9.119273403719984072e-01
-8.799439970215831019e-01 -9.122769215892830852e-01
-8.793562595358581646e-01 -9.126350023630366293e-01
-8.787540024093649649e-01 -9.130018270171293970e-01
-8.781368023825367741e-01 -9.133776455975325392e-01
-8.775042257070910789e-01 -9.137627140236938006e-01
-8.768558278420486296e-01 -9.141572942425926218e-01
-8.761911531422080790e-01 -9.145616543854921954e-01
-8.755097345388568320e-01 -9.149760689274007985e-01
-8.748110932124950612e-01 -9.154008188492522846e-01
-8.740947382573412971e-01 -9.158361918028075088e-01
-8.733601663373847801e-01 -9.162824822782716927e-01
-8.726068613337396584e-01 -9.167399917746201776e-01
-8.718342939830531213e-01 -9.172090289726092527e-01
-8.710419215067093379e-01 -9.176899099104478541e-01
-8.702291872305660814e-01 -9.181829581620892800e-01
-8.693955201949512546e-01 -9.186885050180938483e-01
-8.685403347546386543e-01 -9.192068896689978841e-01
-8.676630301685147595e-01 -9.197384593911116513e-01
-8.667629901786372271e-01 -9.202835697346487542e-01
-8.658395825783761213e-01 -9.208425847140709886e-01
-8.648921587693195745e-01 -9.214158770005087540e-01
-8.639200533066109244e-01 -9.220038281160918281e-01
-8.629225834323739353e-01 -9.226068286299921040e-01
-8.618990485968681670e-01 -9.232252783559455889e-01
-8.608487299669996817e-01 -9.238595865509789951e-01
-8.597708899217959555e-01 -9.245101721150155161e-01
-8.586647715344351006e-01 -9.251774637909798704e-01
-8.575295980403959684e-01 -9.258619003649513068e-01
-8.563645722912706093e-01 -9.265639308658366602e-01
-8.551688761937557004e-01 -9.272840147639385133e-01
-8.539416701333006898e-01 -9.280226221676842746e-01
-8.526820923818581033e-01 -9.287802340176471994e-01
-8.513892584891347148e-01 -9.295573422768326211e-01
-8.500622606566896611e-01 -9.303544501160150304e-01
-8.487001670941682896e-01 -9.311720720926865980e-01
-8.473020213568858150e-01 -9.320107343219065088e-01
-8.458668416638923659e-01 -9.328709746370228428e-01
-8.443936201955498655e-01 -9.337533427378472695e-01
-8.428813223695337253e-01 -9.346584003234044147e-01
-8.413288860940264513e-01 -9.355867212058174287e-01
-8.397352209967048342e-01 -9.365388914012267030e-01
-8.380992076279167868e-01 -9.375155091928316642e-01
-8.364196966362013042e-01 -9.385171851601824544e-01
-8.346955079140128131e-01 -9.395445421676831277e-01
-8.329254297111621241e-01 -9.405982153038717763e-01
-8.311082177130667548e-01 -9.416788517613589038e-01
-8.292425940803972439e-01 -9.427871106452805350e-01
-8.273272464461020048e-01 -9.439236626956885035e-01
-8.253608268650668434e-01 -9.450891899063695867e-01
-8.233419507107909707e-01 -9.462843850190650885e-01
-8.212691955124150622e-01 -9.475099508678282989e-01
-8.191410997241795888e-01 -9.487665995431771027e-01
-8.169561614178871833e-01 -9.500550513395920049e-01
-8.147128368871338067e-01 -9.513760334425933607e-01
-8.124095391499176477e-01 -9.527302783028498423e-01
-8.100446363336464284e-01 -9.541185216342628062e-01
-8.076164499234748106e-01 -9.555414999603848436e-01
-8.051232528512183295e-01 -9.569999476184920528e-01
-8.025632673976917930e-01 -9.584945931126627183e-01
-7.999346628760832800e-01 -9.600261546857874473e-01
-7.972355530577528437e-01 -9.615953349549011264e-01
-7.944639932944468352e-01 -9.632028144238510281e-01
-7.916179772821616556e-01 -9.648492436512275949e-01
-7.886954334015188195e-01 -9.665352338086813377e-01
-7.856942205572768900e-01 -9.682613453140742621e-01
-7.826121234251767200e-01 -9.700280741640330273e-01
-7.794468469973770963e-01 -9.718358355198720711e-01
-7.761960102978650022e-01 -9.736849440178055870e-01
-7.728571391160276027e-01 -9.755755901769519456e-01
-7.694276575795535589e-01 -9.775078121646969542e-01
-7.659048783565145513e-01 -9.794814620461885779e-01
-7.622859912403331384e-01 -9.814961654905671740e-01
-7.585680498298761343e-01 -9.835512737283670370e-01
-7.547479559696242957e-01 -9.856458063497138822e-01
-7.508224415614054292e-01 -9.877783832989913693e-01
-7.467880472992798335e-01 -9.899471441564273722e-01
-7.426410978129118767e-01 -9.921496524991564314e-01
-7.383776726325854689e-01 -9.943827828035716188e-01
-7.339935723120362132e-01 -9.966425869889231626e-01
-7.294842789654739645e-01 -9.989241373138032509e-01
-7.248449103958831685e-01 -1.001221341931280095e+00
-7.200701669180349374e-01 -1.003526728999946771e+00
-7.151542699193046415e-01 -1.005831194860479449e+00
-7.100908911653900368e-01 -1.008123711455477745e+00
-7.048730718619830027e-01 -1.010390987945118946e+00
-6.994931305488593098e-01 -1.012617081423920151e+00
-6.939425590588541581e-01 -1.014782951872975625e+00
-6.882119060593915316e-01 -1.016865957119720276e+00
-6.822906481587469596e-01 -1.018839284797605993e+00
-6.761670492664758614e-01 -1.020671320324449294e+00
-6.698280099253086650e-01 -1.022324953029093875e+00
-6.632589097722365601e-01 -1.023756827086279797e+00
-6.564434482422212280e-01 -1.024916550252901182e+00
-6.493634912044722318e-01 -1.025745881944817528e+00
-6.419989345112924184e-01 -1.026177933340634896e+00
-6.343275994969443943e-01 -1.026136426232417298e+00
-6.263251802632781029e-01 -1.025535074313983497e+00
-6.179652679676576055e-01 -1.024277170132865677e+00
-6.092194829134222056e-01 -1.022255481985667513e+00
-6.000577503630566412e-01 -1.019352585590966420e+00
-5.904487596004323047e-01 -1.015441772144874744e+00
-5.803606463875705668e-01 -1.010388682602333610e+00
-5.697619347332486539e-01 -1.004053811571130161e+00
-5.586227627528131956e-01 -9.962959959968915591e-01
-5.469163974795768768e-01 -9.869769470899473207e-01
-5.346210137425028153e-01 -9.759667942166893040e-01
-5.217216732575759019e-01 -9.631504872214445845e-01
-5.082123949822500153e-01 -9.484347571027632595e-01
-4.940981626437934704e-01 -9.317551820816316610e-01
-4.793966790261267041e-01 -9.130827741753565485e-01
-4.641396593567577167e-01 -8.924294232954891326e-01
-4.483734671727165888e-01 -8.698515425002751877e-01
-4.321589403471647883e-01 -8.454513683721915918e-01
-4.155703305679204762e-01 -8.193755827138591297e-01
-3.986933765171516431e-01 -7.918112090097781941e-01
-3.816226328450786909e-01 -7.629790511832384992e-01
-3.644582647322462954e-01 -7.331252249584561120e-01
-3.473025749502148818e-01 -7.025115312113493493e-01
-3.302565474650723254e-01 -6.714055035206490940e-01
-3.134166685805098718e-01 -6.400709235001676989e-01
-2.968722315758327568e-01 -6.087594580812873968e-01
-2.807032571998774872e-01 -5.777038705349518688e-01
-2.649790848646414454e-01 -5.471130346479303741e-01
-2.497576202415956181e-01 -5.171687764860380954e-01
-2.350851721103363601e-01 -4.880244057847088479e-01
-2.209967778493658608e-01 -4.598046904534176527e-01
-2.075169020160814448e-01 -4.326069722917563753e-01
-1.946603926076492797e-01 -4.065031111793032670e-01
-1.824335903050749164e-01 -3.815419664028226743e-01
-1.708355028069415416e-01 -3.577521647972214391e-01
-1.598589755261513867e-01 -3.351449552002040977e-01
-1.494918087479182034e-01 -3.137169993264191659e-01
-1.397177881445952063e-01 -2.934529953796709556e-01
-1.305176094759649685e-01 -2.743280697980006178e-01
-1.218696891547998568e-01 -2.563099035337541021e-01
-1.137508603056650858e-01 -2.393605824661841630e-01
-1.061369593831226615e-01 -2.234381778549274500e-01
-9.900331181930518976e-02 -2.084980733844383483e-01
-9.232512701369971486e-02 -1.944940615751584445e-01
-8.607781368379423259e-02 -1.813792352924832874e-01
-8.023722651739859102e-02 -1.691067007393260158e-01
-7.477985448491418496e-02 -1.576301374478031314e-01
-6.968296029273551850e-02 -1.469042289818177638e-01
-6.492467943879046133e-02 -1.368849857572703721e-01
-6.048408627219622330e-02 -1.275299788825902947e-01
-5.634123342900523856e-02 -1.187985014205574508e-01
-5.247717005603175222e-02 -1.106516710987778124e-01
-4.887394336662290867e-02 -1.030524863220956266e-01
-4.551458730468290609e-02 -9.596584539930613778e-02
-4.238310142641453504e-02 -8.935853719726227773e-02
-3.946442253797527444e-02 -8.319920997045886224e-02
-3.674439114347635010e-02 -7.745832386675008396e-02
-3.420971435204711586e-02 -7.210809155859332353e-02
-3.184792655528682903e-02 -6.712241057097270702e-02
-2.964734890789885377e-02 -6.247679014899099742e-02
-2.759704841591000685e-02 -5.814827490841906199e-02
-2.568679725075857789e-02 -5.411536702158878387e-02
-2.390703275676853493e-02 -5.035794829144897566e-02
-2.224881849811964976e-02 -4.685720314314948537e-02
-2.070380659424825992e-02 -4.359554330209240020e-02
-1.926420151533286482e-02 -4.055653471886815076e-02
-1.792272544849159155e-02 -3.772482713551138234e-02
-1.667258529750958659e-02 -3.508608655623343675e-02
-1.550744134180939010e-02 -3.262693078270909042e-02
-1.442137755190256790e-02 -3.033486809373558274e-02
-1.340887353701514760e-02 -2.819823908721844768e-02
-1.246477808457101266e-02 -2.620616165534471464e-02
-1.158428423961295126e-02 -2.434847902851968934e-02
-1.076290586412006860e-02 -2.261571079775920659e-02
-9.996455610797309876e-03 -2.099900680678943449e-02
-9.281024242666616533e-03 -1.949010379252906489e-02
-8.612961228195563715e-03 -1.808128464463706203e-02
-7.988856541369802194e-03 -1.676534015037568770e-02
-7.405523596739954119e-03 -1.553553308933878011e-02
-6.859983250803874250e-03 -1.438556454296911757e-02
-6.349448802925363074e-03 -1.330954228571048191e-02
-5.871311931184740145e-03 -1.230195112769083728e-02
-5.423129500983299607e-03 -1.135762508268219409e-02
-5.002611186786806198e-03 -1.047172123946884560e-02
-4.607607850018628076e-03 -9.639695219474152602e-03
-4.236100618743716441e-03 -8.857278108387251978e-03
-3.886190617376604570e-03 -8.120454754471413336e-03
-3.556089297167191153e-03 -7.425443331130574670e-03
-3.244109320642769509e-03 -6.768676066087693857e-03
-2.948655955495926850e-03 -6.146781044134236663e-03
-2.668218935593026208e-03 -5.556564994804474855e-03
-2.401364748828607211e-03 -4.994996980482901278e-03
-2.146729313461796015e-03 -4.459192904347789206e-03
-1.903011006338726661e-03 -3.946400761175633022e-03
-1.668964008028827814e-03 -3.453986557371454581e-03
-1.443391931382578082e-03 -2.979420829644393968e-03
-1.225141701354919141e-03 -2.520265694514781888e-03
-1.013097655133435478e-03 -2.074162363318301280e-03
-8.061758326654384563e-04 -1.638819059566378215e-03
-6.033184285952706422e-04 -1.211999277431913009e-03
-4.034883774044123786e-04 -7.915103217586292239e-04
-2.056640441942309721e-04 -3.751920713434573414e-04
-8.833994066125035516e-06 3.909409168284162540e-05
1.880081865621872547e-04 4.534762427488388996e-04
3.858690431113309671e-04 8.700828218498372034e-04
5.857604067478961634e-04 1.291053542248253800e-03
7.887045753306445514e-04 1.718550356453278465e-03
9.957395478132487990e-04 2.154768535342859500e-03
1.207924338782919663e-03 2.601947916837711507e-03
1.426344400205523631e-03 3.062384381354817543e-03
1.652117177969981239e-03 3.538441612358657080e-03
1.886397831479265591e-03 4.032563201694381108e-03
2.130385145323862583e-03 4.547285161031004372e-03
2.385327662997959505e-03 5.085248902667087456e-03
2.652530073680845445e-03 5.649214755158964499e-03
2.933359884307979674e-03 6.242076081724426753e-03
3.229254410499629926e-03 6.866874072154284525e-03
3.541728121401347806e-03 7.526813282030220612e-03
3.872380375120538717e-03 8.225277996397733007e-03
4.222903583216914940e-03 8.965849498672760765e-03
4.595091844620152396e-03 9.752324329460859351e-03
4.990850091402413216e-03 1.058873362412434890e-02
5.412203791020747147e-03 1.147936362232485422e-02
5.861309251955929521e-03 1.242877744736601772e-02
6.340464582096918926e-03 1.344183825792260971e-02
6.852121351735397832e-03 1.452373387961189248e-02
7.398897015617515727e-03 1.568000302876623731e-02
7.983588151115949411e-03 1.691656324560478902e-02
8.609184572189673007e-03 1.823974065864885502e-02
9.278884381332433776e-03 1.965630170651620420e-02
9.996110024097401917e-03 2.117348694695270900e-02
1.076452541292662393e-02 2.279904708584727657e-02
1.158805418878417100e-02 2.454128136068732188e-02
1.247089919033188624e-02 2.640907841301739362e-02
1.341756320089486712e-02 2.841195978242293252e-02
1.443287104298665233e-02 3.056012614969742108e-02
1.552199308838330891e-02 3.286450644831909185e-02
1.669047024825394757e-02 3.533680995010961279e-02
1.794424050217705013e-02 3.798958141166439151e-02
1.928966701638269721e-02 4.083625934121232898e-02
2.073356788949850052e-02 4.389123740898191045e-02
2.228324754750190054e-02 4.716992897545679159e-02
2.394652978733635695e-02 5.068883464807311112e-02
2.573179243931539295e-02 5.446561269424127216e-02
2.764800358028193794e-02 5.851915203255447090e-02
2.970475918040114266e-02 6.286964738919463558e-02
3.191232200388516987e-02 6.753867603624294502e-02
3.428166150479670243e-02 7.254927531488604420e-02
3.682449435966161227e-02 7.792601987987883561e-02
3.955332515454931808e-02 8.369509727081823891e-02
4.248148659037490060e-02 8.988438000758751378e-02
4.562317838040243906e-02 9.652349190641812404e-02
4.899350378133660033e-02 1.036438657018780435e-01
5.260850241612239492e-02 1.112787883191075494e-01
5.648517770394725912e-02 1.194634292483759547e-01
6.064151680165700414e-02 1.282348464080148576e-01
6.509650047135483175e-02 1.376319626196455259e-01
6.987009971234099670e-02 1.476955043412450097e-01
7.498325532436286855e-02 1.584678925943271977e-01
8.045783579924975504e-02 1.699930740769459714e-01
8.631656807098805895e-02 1.823162782871149135e-01
9.258293470087418375e-02 1.954836841311004825e-01
9.928103005909842682e-02 2.095419770371479695e-01
1.064353670314440448e-01 2.245377751734363991e-01
1.140706248019299346e-01 2.405169011931280187e-01
1.222113274484595558e-01 2.575234743159124928e-01
1.308814425957580962e-01 2.755987969517923464e-01
1.401038894132880519e-01 2.947800110842634380e-01
1.498999461077541173e-01 3.150985030402693732e-01
1.602885490931939827e-01 3.365780420496108372e-01
1.712854796430418325e-01 3.592326492579593911e-01
1.829024394931595410e-01 3.830642108010874902e-01
1.951460250145911901e-01 4.080598722859709038e-01
2.080166205495662113e-01 4.341892833241159377e-01
2.215072454085126319e-01 4.614017996596496141e-01
2.356024055501738101e-01 4.896237957277426167e-01
2.502770191784770559e-01 5.187562891479836624e-01
2.654955036284964431e-01 5.486731253231549310e-01
2.812111262623457897e-01 5.792200069375927907e-01
2.973657310218691396e-01 6.102146692590567634e-01
3.138899505702342219e-01 6.414484859144770068e-01
3.307039975020250600e-01 6.726897302138646895e-01
3.477190940292699262e-01 7.036886071695784839e-01
3.648395475243865760e-01 7.341840120127862690e-01
3.819654127555323075e-01 7.639117743947186900e-01
3.989956083882956750e-01 7.926139383190977661e-01
4.158312869637545428e-01 8.200484413655479976e-01
4.323792075243445554e-01 8.459984321744479230e-01
4.485548403795217576e-01 8.702804360199111189e-01
4.642849512527351119e-01 8.927506619953446965e-01
4.795094666689131424e-01 9.133089357740934444e-01
4.941825051419356241e-01 9.319000086352570156e-01
5.082725544483297497e-01 9.485122884689953793e-01
5.217618666509971082e-01 9.631743087746594822e-01
5.346452144190680933e-01 9.759494529946118879e-01
5.469281951985295320e-01 9.869295586500806960e-01
5.586252817512805668e-01 9.962280359755294468e-01
5.697578027243150878e-01 1.003973065622788763e+00
5.803520035056993764e-01 1.010301317472170890e+00
5.904372951672973713e-01 1.015352488121121999e+00
6.000447561834807431e-01 1.019264814169422495e+00
6.092059138089438441e-01 1.022171599585788959e+00
6.179518026873068726e-01 1.024198706838336470e+00
6.263122782607496442e-01 1.025462904273037434e+00
6.343155510382749718e-01 1.026070932671894642e+00
6.419879030674175979e-01 1.026119145826730472e+00
6.493535480996190934e-01 1.025693586641448052e+00
6.564346001469337777e-01 1.024870375756024243e+00
6.632511199459627527e-01 1.023716309279100178e+00
6.698212142214342579e-01 1.022289582618800541e+00
6.761611678901522371e-01 1.020640576539061595e+00
6.822855940730823132e-01 1.018812658328806409e+00
6.882075908086864313e-01 1.016842964921184311e+00
6.939388966440120932e-01 1.014763145942627398e+00
6.994900398644766648e-01 1.012600053256607957e+00
7.048704780941158488e-01 1.010376369959721909e+00
7.100887264560855616e-01 1.008111176382920249e+00
7.151524735284124912e-01 1.005820453823653482e+00
7.200686850528946747e-01 1.003517528816067594e+00
7.248436958329522728e-01 1.001213462013136102e+00
7.294832905524507582e-01 9.989173864301209571e-01
7.339927744123501130e-01 9.966368000578452735e-01
7.383770345543687608e-01 9.943778178303613879e-01
7.426405932501343177e-01 9.921453877241707131e-01
7.467876538023505706e-01 9.899434754477406395e-01
7.508221400471922768e-01 9.877752218023230224e-01
7.547477302757419348e-01 9.856430763938633932e-01
7.585678863146334550e-01 9.835489109751549552e-01
7.622858784274652022e-01 9.814941153128078355e-01
7.659048066224044549e-01 9.794796781143505493e-01
7.694276188798359062e-01 9.775062552218141132e-01
7.728571267480569551e-01 9.755742269814395851e-01
7.761960186954169894e-01 9.736837464346754789e-01
7.794468715540047166e-01 9.718347797421299505e-01
7.826121603428256579e-01 9.700271400475672934e-01
7.856942667170061512e-01 9.682605158109637289e-01
7.886954862534503174e-01 9.665344944854664666e-01
7.916180347520687111e-01 9.648485822802408407e-01
7.944640537046799844e-01 9.632022206371576578e-01
7.972356150604662517e-01 9.615947999517296951e-01
7.999347253969815164e-01 9.600256709855400361e-01
8.025633295887442120e-01 9.584941543466681813e-01
8.051233140509963526e-01 9.569995483546217541e-01
8.076165096239515950e-01 9.555411355554883635e-01
8.100446941524640510e-01 9.541181881101132856e-01
8.124095948072663775e-01 9.527299722419265704e-01
8.147128901865172690e-01 9.513757519005757723e-01
8.169562122301526896e-01 9.500547917719170954e-01
8.191411479742877200e-01 9.487663597434154994e-01
8.212692411685039717e-01 9.475097289159838398e-01
8.233419937751581541e-01 9.462841792381977424e-01
8.253608673667509610e-01 9.450889988261949037e-01
8.273272844347986377e-01 9.439234850220196149e-01
8.292426296214832071e-01 9.427869452343624612e-01
8.311082508835455629e-01 9.416786975982938124e-01
8.329254605963721803e-01 9.405980714844683899e-01
8.346955366049678693e-01 9.395444078831679535e-01
8.364197232274518390e-01 9.385170596843043223e-01
8.380992322158414831e-01 9.375153918709679957e-01
8.397352436781562179e-01 9.365387816411637756e-01
8.413289069652662988e-01 9.355866184699308530e-01
8.428813415254061692e-01 9.346583041220124510e-01
8.443936377288490114e-01 9.337532526235456931e-01
8.458668576648875614e-01 9.328708901998438163e-01
8.473020359129751489e-01 9.320106551851682353e-01
8.487001802896356750e-01 9.311719979094235100e-01
8.500622725725454076e-01 9.303543805658971433e-01
8.513892692030226028e-01 9.295572770634965565e-01
8.526821019680155267e-01 9.287801728663755974e-01
8.539416786625602107e-01 9.280225648233794145e-01
8.551688837335800208e-01 9.272839609893461787e-01
8.563645789058115243e-01 9.265638804399823902e-01
8.575296037905733026e-01 9.258618530817585013e-01
8.586647764780294123e-01 9.251774194580428823e-01
8.597708941135511207e-01 9.245101305525061930e-01
8.608487334587330286e-01 9.238595475906684618e-01
8.618990514375842737e-01 9.232252418403250616e-01
8.629225856683810925e-01 9.226067944114797470e-01
8.639200549816383745e-01 9.220037960563161050e-01
8.648921599246339742e-01 9.214158469696563936e-01
8.658395832528962277e-01 9.208425565902936816e-01
8.667629904090470294e-01 9.202835434035205875e-01
8.676630299893729470e-01 9.197384347451318387e-01
8.685403341984849757e-01 9.192068666071343541e-01
8.693955192924097686e-01 9.186884834453624693e-01
8.702291860104441890e-01 9.181829379891653931e-01
8.710419199960927061e-01 9.176898910533072273e-01
8.718342922073976098e-01 9.172090113521951249e-01
8.726068593169581389e-01 9.167399753165346166e-01
8.733601641019308470e-01 9.162824669124878252e-01
8.740947358242887599e-01 9.158361774634025121e-01
8.748110906016139943e-01 9.154008054741581413e-01
8.755097317686859615e-01 9.149760564581714828e-01
8.761911502301230614e-01 9.145616427670865134e-01
8.768558248043274439e-01 9.141572834231712630e-01
8.775042225589763101e-01 9.137627039544287122e-01
8.781367991382941218e-01 9.133776362324296239e-01
8.787539990823389768e-01 9.130018183128610909e-01
8.793562561385255272e-01 9.126349942787855829e-01
8.799439935656026002e-01 9.122769140865955029e-01
8.805176244303006827e-01 9.119273334146463794e-01
8.810775518968552156e-01 9.115860135145460452e-01
8.816241695096082021e-01 9.112527210650765985e-01
8.821578614688875275e-01 9.109272280287177281e-01
8.826790029003546145e-01 9.106093115107436464e-01
8.831879601180100403e-01 9.102987536208571040e-01
8.836850908810404137e-01 9.099953413373258471e-01
8.841707446446859242e-01 9.096988663735835479e-01
8.846452628053032008e-01 9.094091250472553511e-01
8.851089789397952323e-01 9.091259181515671806e-01
8.855622190395749938e-01 9.088490508290953951e-01
8.860053017392266472e-01 9.085783324478144962e-01
8.864385385400229689e-01 9.083135764793965894e-01
8.868622340284563199e-01 9.080546003797189680e-01
8.872766860899337082e-01 9.078012254715309703e-01
8.876821861177878192e-01 9.075532768292358110e-01
8.880790192177479003e-01 9.073105831657378717e-01
8.884674644080136074e-01 9.070729767213083772e-01
8.888477948150728114e-01 9.068402931544221612e-01
8.892202778653988116e-01 9.066123714345152296e-01
8.895851754731614047e-01 9.063890537366170452e-01
8.899427442240841479e-01 9.061701853378064664e-01
8.902932355555751576e-01 9.059556145154457063e-01
8.906368959332580104e-01 9.057451924471420224e-01
8.909739670240274245e-01 9.055387731123912820e-01
8.913046858657506233e-01 9.053362131958536674e-01
8.916292850337327325e-01 9.051373719922176653e-01
8.919479928040662253e-01 9.049421113126038252e-01
8.922610333139768812e-01 9.047502953924652092e-01
8.925686267192811663e-01 9.045617908009399022e-01
8.928709893490679450e-01 9.043764663516131730e-01
8.931683338577129927e-01 9.041941930146499828e-01
8.934608693743372188e-01 9.040148438302585410e-01
8.937488016498152943e-01 9.038382938234510444e-01
8.940323332014434854e-01 9.036644199200680738e-01
8.943116634553718303e-01 9.034931008640416650e-01
8.945869888869090181e-01 9.033242171358727424e-01
8.948585031588039973e-01 9.031576508723079266e-01
8.951263972576144479e-01 9.029932857872100538e-01
8.953908596282685872e-01 9.028310070936214071e-01
8.956520763069313329e-01 9.026707014270388685e-01
8.959102310522879531e-01 9.025122567699267462e-01
8.961655054753624450e-01 9.023555623775214585e-01
8.964180791679905447e-01 9.022005087049955740e-01
8.966681298300785974e-01 9.020469873360891233e-01
8.969158333957821805e-01 9.018948909133405190e-01
8.971613641587538046e-01 9.017441130701059349e-01
8.974048948966192318e-01 9.015945483646027325e-01
8.976465969948624890e-01 9.014460922162869094e-01
8.978866405703167519e-01 9.012986408449596976e-01
8.981251945944908055e-01 9.011520912131034677e-01
8.983624270169893178e-01 9.010063409720842076e-01
8.985985048893312399e-01 9.008612884130167142e-01
8.988335944895207152e-01 9.007168324233003620e-01
8.990678614477929376e-01 9.005728724500825511e-01
8.993014708740360019e-01 9.004293084722261309e-01
8.995345874874940417e-01 9.002860409827495580e-01
8.997673757494820679e-01 9.001429709841965998e-01
9.000000000000000222e-01 9.000000000000000222e-01
