-8.998848269447992099e-01 -9.000707852169378409e-01
-8.997696338577190200e-01 -9.001415825268397342e-01
-8.996544006725282205e-01 -9.002124039341692363e-01
-8.995391073232186230e-01 -9.002832614728284444e-01
-8.994237337398351961e-01 -9.003541672055920264e-01
-8.993082598443735698e-01 -9.004251332238016881e-01
-8.991926655467354923e-01 -9.004961716472963396e-01
-8.990769307407373567e-01 -9.005672946245595334e-01
-8.989610353001665777e-01 -9.006385143330574161e-01
-8.988449590748752716e-01 -9.007098429797510963e-01
-8.987286818869146821e-01 -9.007812928017709941e-01
-8.986121835266964730e-01 -9.008528760672315228e-01
-8.984954437491851076e-01 -9.009246050761763325e-01
-8.983784422701107664e-01 -9.009964921616426814e-01
-8.982611587622044702e-01 -9.010685496908301673e-01
-8.981435728514470807e-01 -9.011407900663694903e-01
-8.980256641133351758e-01 -9.012132257276774805e-01
-8.979074120691543648e-01 -9.012858691523926158e-01
-8.977887961822650364e-01 -9.013587328578839264e-01
-8.976697958543887745e-01 -9.014318294028298428e-01
-8.975503904219037654e-01 -9.015051713888503349e-01
-8.974305591521390957e-01 -9.015787714622049975e-01
-8.973102812396690497e-01 -9.016526423155331038e-01
-8.971895358026056311e-01 -9.017267966896485021e-01
-8.970683018788878638e-01 -9.018012473753729275e-01
-8.969465584225672083e-01 -9.018760072154118346e-01
-8.968242843000824305e-01 -9.019510891062669788e-01
-8.967014582865292516e-01 -9.020265060001844137e-01
-8.965780590619211177e-01 -9.021022709071324641e-01
-8.964540652074375338e-01 -9.021783968968146716e-01
-8.963294552016607408e-01 -9.022548971007049445e-01
-8.962042074168005135e-01 -9.023317847141154591e-01
-8.960783001149037474e-01 -9.024090729982859882e-01
-8.959517114440496144e-01 -9.024867752824994316e-01
-8.958244194345268419e-01 -9.025649049662192169e-01
-8.956964019949966715e-01 -9.026434755212501271e-01
-8.955676369086343902e-01 -9.027225004939187780e-01
-8.954381018292538741e-01 -9.028019935072758573e-01
-8.953077742774119274e-01 -9.028819682633187904e-01
-8.951766316364908604e-01 -9.029624385452318380e-01
-8.950446511487581969e-01 -9.030434182196470649e-01
-8.949118099114070635e-01 -9.031249212389230729e-01
-8.947780848725703784e-01 -9.032069616434426074e-01
-8.946434528273106146e-01 -9.032895535639292595e-01
-8.945078904135860265e-01 -9.033727112237780466e-01
-8.943713741081893431e-01 -9.034564489414097510e-01
-8.942338802226599270e-01 -9.035407811326388039e-01
-8.940953848991699537e-01 -9.036257223130612637e-01
-8.939558641063780620e-01 -9.037112871004568948e-01
-8.938152936352609101e-01 -9.037974902172172254e-01
-8.936736490949046541e-01 -9.038843464927805993e-01
-8.935309059082763294e-01 -9.039718708660944291e-01
-8.933870393079554884e-01 -9.040600783880902158e-01
-8.932420243318378583e-01 -9.041489842241799968e-01
-8.930958358188038071e-01 -9.042386036567686691e-01
-8.929484484043538339e-01 -9.043289520877882959e-01
-8.927998365162090888e-01 -9.044200450412469561e-01
-8.926499743698758094e-01 -9.045118981658007984e-01
-8.924988359641744529e-01 -9.046045272373434143e-01
-8.923463950767299702e-01 -9.046979481616160834e-01
-8.921926252594266638e-01 -9.047921769768341171e-01
-8.920374998338207462e-01 -9.048872298563401806e-01
-8.918809918865172603e-01 -9.049831231112706043e-01
-8.917230742645044783e-01 -9.050798731932498953e-01
-8.915637195704455564e-01 -9.051774966970975722e-01
-8.914029001579314437e-01 -9.052760103635650868e-01
-8.912405881266893815e-01 -9.053754310820891771e-01
-8.910767553177468825e-01 -9.054757758935670919e-01
-8.909113733085516351e-01 -9.055770619931579057e-01
-8.907444134080477749e-01 -9.056793067331025959e-01
-8.905758466517018634e-01 -9.057825276255676572e-01
-8.904056437964871229e-01 -9.058867423455151391e-01
-8.902337753158142686e-01 -9.059919687335918903e-01
-8.900602113944169336e-01 -9.060982247990466698e-01
-8.898849219231862451e-01 -9.062055287226684630e-01
-8.897078764939541085e-01 -9.063138988597509993e-01
-8.895290443942264202e-01 -9.064233537430834708e-01
-8.893483946018619912e-01 -9.065339120859643440e-01
-8.891658957796994001e-01 -9.066455927852400398e-01
-8.889815162701292239e-01 -9.067584149243759217e-01
-8.887952240896095368e-01 -9.068723977765454913e-01
-8.886069869231275620e-01 -9.069875608077504481e-01
-8.884167721186031486e-01 -9.071039236799705030e-01
-8.882245466812317414e-01 -9.072215062543340647e-01
-8.880302772677731715e-01 -9.073403285943246743e-01
-8.878339301807757211e-01 -9.074604109690076470e-01
-8.876354713627399029e-01 -9.075817738562923509e-01
-8.874348663902242862e-01 -9.077044379462175794e-01
-8.872320804678809347e-01 -9.078284241442726721e-01
-8.870270784224327798e-01 -9.079537535747403965e-01
-8.868198246965833809e-01 -9.080804475840772438e-01
-8.866102833428604058e-01 -9.082085277443197047e-01
-8.863984180173913874e-01 -9.083380158565225182e-01
-8.861841919736122009e-01 -9.084689339542297848e-01
-8.859675680559055966e-01 -9.086013043069715023e-01
-8.857485086931684570e-01 -9.087351494238010696e-01
-8.855269758923077772e-01 -9.088704920568576595e-01
-8.853029312316653687e-01 -9.090073552049630079e-01
-8.850763358543649595e-01 -9.091457621172527315e-01
-8.848471504615881278e-01 -9.092857362968390644e-01
-8.846153353057710778e-01 -9.094273015045071240e-01
-8.843808501837265856e-01 -9.095704817624469252e-01
-8.841436544296832345e-01 -9.097153013580162595e-01
-8.839037069082504861e-01 -9.098617848475419878e-01
-8.836609660072975991e-01 -9.100099570601526411e-01
-8.834153896307532783e-01 -9.101598431016486579e-01
-8.831669351913200572e-01 -9.103114683584062616e-01
-8.829155596031053044e-01 -9.104648585013186413e-01
-8.826612192741656315e-01 -9.106200394897732142e-01
-8.824038700989635942e-01 -9.107770375756631953e-01
-8.821434674507360185e-01 -9.109358793074375793e-01
-8.818799661737731777e-01 -9.110965915341886490e-01
-8.816133205756050417e-01 -9.112592014097755655e-01
-8.813434844190966011e-01 -9.114237363969848182e-01
-8.810704109144475993e-01 -9.115902242717309756e-01
-8.807940527110984519e-01 -9.117586931272916306e-01
-8.805143618895385771e-01 -9.119291713785853126e-01
-8.802312899530161383e-01 -9.121016877664843703e-01
-8.799447878191481998e-01 -9.122762713621668240e-01
-8.796548058114326274e-01 -9.124529515715097405e-01
-8.793612936506505218e-01 -9.126317581395194667e-01
-8.790642004461742820e-01 -9.128127211548007214e-01
-8.787634746871626490e-01 -9.129958710540678757e-01
-8.784590642336487232e-01 -9.131812386266939807e-01
-8.781509163075257307e-01 -9.133688550192990974e-01
-8.778389774834159942e-01 -9.135587517403818136e-01
-8.775231936794311016e-01 -9.137509606649856231e-01
-8.772035101478190544e-01 -9.139455140394115995e-01
-8.768798714654946203e-01 -9.141424444859661547e-01
-8.765522215244546667e-01 -9.143417850077524278e-01
-8.762205035220744787e-01 -9.145435689935010881e-01
-8.758846599512838393e-01 -9.147478302224401059e-01
-8.755446325906220961e-01 -9.149546028692087107e-01
-8.752003624941697701e-01 -9.151639215088073209e-01
-8.748517899813530452e-01 -9.153758211215906604e-01
-8.744988546266240226e-01 -9.155903370982999556e-01
-8.741414952490111911e-01 -9.158075052451374320e-01
-8.737796499015377805e-01 -9.160273617888760045e-01
-8.734132558605085528e-01 -9.162499433820147088e-01
-8.730422496146640343e-01 -9.164752871079696606e-01
-8.726665668541956355e-01 -9.167034304863058702e-01
-8.722861424596228819e-01 -9.169344114780080268e-01
-8.719009104905319774e-01 -9.171682684907885852e-01
-8.715108041741715938e-01 -9.174050403844384860e-01
-8.711157558939024437e-01 -9.176447664762091838e-01
-8.707156971775031895e-01 -9.178874865462380850e-01
-8.703105586853266962e-01 -9.181332408430078473e-01
-8.699002701983047370e-01 -9.183820700888417621e-01
-8.694847606058012657e-01 -9.186340154854366613e-01
-8.690639578933104792e-01 -9.188891187194271337e-01
-8.686377891299970067e-01 -9.191474219679883761e-01
-8.682061804560765594e-01 -9.194089679044676888e-01
-8.677690570700358208e-01 -9.196737997040516088e-01
-8.673263432156868014e-01 -9.199419610494599109e-01
-8.668779621690553272e-01 -9.202134961366732480e-01
-8.664238362250997749e-01 -9.204884496806894356e-01
-8.659638866842582772e-01 -9.207668669212998314e-01
-8.654980338388235106e-01 -9.210487936289005750e-01
-8.650261969591368505e-01 -9.213342761103219258e-01
-8.645482942796064441e-01 -9.216233612146798038e-01
-8.640642429845423189e-01 -9.219160963392488695e-01
-8.635739591938050852e-01 -9.222125294353515912e-01
-8.630773579482678981e-01 -9.225127090142641872e-01
-8.625743531950875731e-01 -9.228166841531336706e-01
-8.620648577727813011e-01 -9.231245045009062178e-01
-8.615487833961068542e-01 -9.234362202842594236e-01
-8.610260406407420630e-01 -9.237518823135428825e-01
-8.604965389277623444e-01 -9.240715419887143289e-01
-8.599601865079089524e-01 -9.243952513052735576e-01
-8.594168904456506164e-01 -9.247230628601880165e-01
-8.588665566030266874e-01 -9.250550298578052999e-01
-8.583090896232776768e-01 -9.253912061157479885e-01
-8.577443929142516410e-01 -9.257316460707853967e-01
-8.571723686315844137e-01 -9.260764047846756775e-01
-8.565929176616540186e-01 -9.264255379499721776e-01
-8.560059396042986046e-01 -9.267791018957902693e-01
-8.554113327552965718e-01 -9.271371535935188923e-01
-8.548089940886065552e-01 -9.274997506624784727e-01
-8.541988192383560552e-01 -9.278669513755108955e-01
-8.535807024805807108e-01 -9.282388146644914295e-01
-8.529545367147060020e-01 -9.286154001257556079e-01
-8.523202134447631639e-01 -9.289967680254240801e-01
-8.516776227603390925e-01 -9.293829793046221033e-01
-8.510266533172499148e-01 -9.297740955845685829e-01
-8.503671923179332293e-01 -9.301701791715321077e-01
-8.496991254915544634e-01 -9.305712930616256706e-01
-8.490223370738149145e-01 -9.309775009454339667e-01
-8.483367097864601414e-01 -9.313888672124496226e-01
-8.476421248164771605e-01 -9.318054569552921551e-01
-8.469384617949728966e-01 -9.322273359736990006e-01
-8.462255987757251185e-01 -9.326545707782548655e-01
-8.455034122133974206e-01 -9.330872285938373034e-01
-8.447717769414057054e-01 -9.335253773627461005e-01
-8.440305661494282852e-01 -9.339690857474878261e-01
-8.432796513605462785e-01 -9.344184231331847945e-01
-8.425189024080033118e-01 -9.348734596295584787e-01
-8.417481874115700924e-01 -9.353342660724606183e-01
-8.409673727535020848e-01 -9.358009140248990665e-01
-8.401763230540721938e-01 -9.362734757775128536e-01
-8.393749011466649090e-01 -9.367520243484417364e-01
-8.385629680524150364e-01 -9.372366334825350531e-01
-8.377403829543673686e-01 -9.377273776498327162e-01
-8.369070031711451918e-01 -9.382243320432521738e-01
-8.360626841300996537e-01 -9.387275725754101741e-01
-8.352072793399176742e-01 -9.392371758744858523e-01
-8.343406403626655310e-01 -9.397532192790489791e-01
-8.334626167852394740e-01 -9.402757808317447896e-01
-8.325730561901936166e-01 -9.408049392717392490e-01
-8.316718041259137939e-01 -9.413407740257957457e-01
-8.307587040760988639e-01 -9.418833651978698596e-01
-8.298335974285234728e-01 -9.424327935570724346e-01
-8.288963234430251070e-01 -9.429891405238555180e-01
-8.279467192186862334e-01 -9.435524881542564080e-01
-8.269846196601530197e-01 -9.441229191220145145e-01
-8.260098574430480012e-01 -9.447005166983695190e-01
-8.250222629784104145e-01 -9.452853647293231187e-01
-8.240216643761137938e-01 -9.458775476101317636e-01
-8.230078874071837802e-01 -9.464771502567727035e-01
-8.219807554649518622e-01 -9.470842580741033467e-01
-8.209400895249637786e-01 -9.476989569204156139e-01
-8.198857081035542116e-01 -9.483213330680415609e-01
-8.188174272150015032e-01 -9.489514731596573327e-01
-8.177350603271542617e-01 -9.495894641598856545e-01
-8.166384183154258292e-01 -9.502353933017666510e-01
-8.155273094150328195e-01 -9.508893480276205956e-01
-8.144015391713520513e-01 -9.515514159237972169e-01
-8.132609103882497692e-01 -9.522216846487454589e-01
-8.121052230742329403e-01 -9.529002418537940722e-01
-8.109342743862559821e-01 -9.535871750959803439e-01
-8.097478585709948495e-01 -9.542825717421946630e-01
-8.085457669034008532e-01 -9.549865188638566593e-01
-8.073277876223081684e-01 -9.556991031212571652e-01
-8.060937058628712126e-01 -9.564204106366285263e-01
-8.048433035855675488e-01 -9.571505268549189704e-01
-8.035763595014975280e-01 -9.578895363911581473e-01
-8.022926489936786920e-01 -9.586375228632022516e-01
-8.009919440340018681e-01 -9.593945687085361218e-01
-7.996740130955044545e-01 -9.601607549836972400e-01
-7.983386210595651011e-01 -9.609361611447573281e-01
-7.969855291176094481e-01 -9.617208648071665644e-01
-7.956144946668632922e-01 -9.625149414830994621e-01
-7.942252711996696801e-01 -9.633184642943070086e-01
-7.928176081858248070e-01 -9.641315036582794873e-01
-7.913912509473572943e-01 -9.649541269453520975e-01
-7.899459405251179067e-01 -9.657863981041736601e-01
-7.884814135364976995e-01 -9.666283772527390905e-01
-7.869974020235328549e-01 -9.674801202319461835e-01
-7.854936332905924079e-01 -9.683416781183863398e-01
-7.839698297307867714e-01 -9.692130966927867686e-01
-7.824257086401444905e-01 -9.700944158602303746e-01
-7.808609820185529182e-01 -9.709856690179562433e-01
-7.792753563563532548e-01 -9.718868823661901413e-01
-7.776685324054031234e-01 -9.727980741570740886e-01
-7.760402049333257057e-01 -9.737192538763708161e-01
-7.743900624595521087e-01 -9.746504213521780535e-01
-7.727177869716701508e-01 -9.755915657844145272e-01
-7.710230536204528695e-01 -9.765426646883513806e-01
-7.693055303918440169e-01 -9.775036827449162802e-01
-7.675648777540206025e-01 -9.784745705499298118e-01
-7.658007482775198715e-01 -9.794552632538140458e-01
-7.640127862262739988e-01 -9.804456790826676649e-01
-7.622006271172238057e-01 -9.814457177308916203e-01
-7.603638972460253775e-01 -9.824552586148237454e-01
-7.585022131761789410e-01 -9.834741589760354064e-01
-7.566151811887231737e-01 -9.845022518221254737e-01
-7.547023966894462754e-01 -9.855393436919502870e-01
-7.527634435703500770e-01 -9.865852122313046868e-01
-7.507978935219030703e-01 -9.876396035640955251e-01
-7.488053052923793196e-01 -9.887022294430078961e-01
-7.467852238903696094e-01 -9.897727641626100636e-01
-7.447371797263010462e-01 -9.908508412167156276e-01
-7.426606876885717412e-01 -9.919360496806741700e-01
-7.405552461496602845e-01 -9.930279302980653533e-01
-7.384203358973340237e-01 -9.941259712500610801e-01
-7.362554189858341314e-01 -9.952296035844802047e-01
-7.340599375016938488e-01 -9.963381962803101732e-01
-7.318333122386176948e-01 -9.974510509222351828e-01
-7.295749412756558083e-01 -9.985673959584895343e-01
-7.272841984527175230e-01 -9.996863805141674719e-01
-7.249604317373335993e-01 -1.000807067731022570e+00
-7.226029614764577502e-01 -1.001928427603761218e+00
-7.202110785270515736e-01 -1.003049329281951341e+00
-7.177840422592025593e-01 -1.004168532805959302e+00
-7.153210784256077703e-01 -1.005284680244815432e+00
-7.128213768914561932e-01 -1.006396286203718127e+00
-7.102840892190211974e-01 -1.007501727668995484e+00
-7.077083261017382831e-01 -1.008599233158894659e+00
-7.050931546431321584e-01 -1.009686871149644505e+00
-7.024375954767736463e-01 -1.010762537747894818e+00
-6.997406197244661064e-01 -1.011823943583055163e+00
-6.970011457911761132e-01 -1.012868599896314725e+00
-6.942180359968238568e-01 -1.013893803807409011e+00
-6.913900930470322503e-01 -1.014896622745680821e+00
-6.885160563473111672e-01 -1.015873878038785039e+00
-6.855945981680179324e-01 -1.016822127660836905e+00
-6.826243196708272620e-01 -1.017737648152004626e+00
-6.796037468114402014e-01 -1.018616415733831326e+00
-6.765313261379432008e-01 -1.019454086659180359e+00
-6.734054205096545731e-01 -1.020245976852897307e+00
-6.702243047675665588e-01 -1.020987040919430822e+00
-6.669861613946629353e-01 -1.021671850616952648e+00
-6.636890762125692289e-01 -1.022294572924407507e+00
-6.603310341702189890e-01 -1.022848947858569169e+00
-6.569099152905786276e-01 -1.023328266232958139e+00
-6.534234908530077712e-01 -1.023725347589554913e+00
-6.498694199015522255e-01 -1.024032518577838946e+00
-6.462452461834036210e-01 -1.024241592103849685e+00
-6.425483956368172045e-01 -1.024343847624696213e+00
-6.387761745639294331e-01 -1.024330013021054864e+00
-6.349257686409368606e-01 -1.024190248541284598e+00
-6.309942429358124105e-01 -1.023914133375249946e+00
-6.269785431217668181e-01 -1.023490655482890643e+00
-6.228754980926196616e-01 -1.022908205370637980e+00
-6.186818242035346804e-01 -1.022154574576429997e+00
-6.143941313765135526e-01 -1.021216959689017489e+00
-6.100089313237648803e-01 -1.020081972786952118e+00
-6.055226481525712856e-01 -1.018735659233821700e+00
-6.009316316213582088e-01 -1.017163523805193037e+00
-5.962321733170051763e-01 -1.015350566145020172e+00
-5.914205260165412703e-01 -1.013281326550031558e+00
-5.864929264806272302e-01 -1.010939943054611323e+00
-5.814456219000144754e-01 -1.008310220730251228e+00
-5.762749001778307845e-01 -1.005375714017150202e+00
-5.709771241785386309e-01 -1.002119822765458856e+00
-5.655487700074518509e-01 -9.985259024751318435e-01
-5.599864693018027362e-01 -9.945773889824025549e-01
-5.542870554151315687e-01 -9.902579375452063015e-01
-5.484476132614720667e-01 -9.855515759290627287e-01
-5.424655324555829328e-01 -9.804428706913346225e-01
-5.363385632424835237e-01 -9.749171054108994872e-01
-5.300648745571389098e-01 -9.689604691212688747e-01
-5.236431133978501906e-01 -9.625602526911765100e-01
-5.170724645405828657e-01 -9.557050503748487635e-01
-5.103527094730636593e-01 -9.483849632456582412e-01
-5.034842832949490976e-01 -9.405918007560919447e-01
-4.964683282222704941e-01 -9.323192762608231154e-01
-4.893067422594420401e-01 -9.235631920261807570e-01
-4.820022215688010148e-01 -9.143216090559074249e-01
-4.745582950832556990e-01 -9.045949970147122432e-01
-4.669793499778801538e-01 -8.943863596480740030e-01
-4.592706467445415441e-01 -8.837013313925656810e-01
-4.514383228003142068e-01 -8.725482413506545631e-01
-4.434893838026583990e-01 -8.609381414624142081e-01
-4.354316821357288037e-01 -8.488847965280446051e-01
-4.272738823629458338e-01 -8.364046346929564502e-01
-4.190254137982634131e-01 -8.235166580650887802e-01
-4.106964107172078604e-01 -8.102423142477237494e-01
-4.022976410920647838e-01 -7.966053306906873965e-01
-3.938404250765237258e-01 -7.826315148366655983e-01
-3.853365447673915423e-01 -7.683485240169821706e-01
-3.767981470203529692e-01 -7.537856098870535648e-01
-3.682376412817721656e-01 -7.389733428483098443e-01
-3.596675945115089812e-01 -7.239433223536350104e-01
-3.511006253090728779e-01 -7.087278792223798973e-01
-3.425492993178773093e-01 -6.933597760965336532e-01
-3.340260278745881828e-01 -6.778719119616675171e-01
-3.255429717008459511e-01 -6.622970362557869528e-01
-3.171119512139642937e-01 -6.466674775259065866e-01
-3.087443647744252395e-01 -6.310148909020144581e-01
-3.004511159048284252e-01 -6.153700278804430379e-01
-2.922425502211175030e-01 -5.997625310835404955e-01
-2.841284025252146517e-01 -5.842207558280597679e-01
-2.761177542299755872e-01 -5.687716195251479867e-01
-2.682190010319207563e-01 -5.534404791790074052e-01
-2.604398305216036880e-01 -5.382510365718036205e-01
-2.527872092304459528e-01 -5.232252701350523783e-01
-2.452673784589255723e-01 -5.083833920218915337e-01
-2.378858581146084117e-01 -4.937438285137589200e-01
-2.306474577084529909e-01 -4.793232216172561566e-01
-2.235562936114890986e-01 -4.651364495265264964e-01
-2.166158116578272841e-01 -4.511966635342744558e-01
-2.098288141897892145e-01 -4.375153389595463072e-01
-2.031974906722771868e-01 -4.241023377103442238e-01
-1.967234510517877899e-01 -4.109659802015393493e-01
-1.904077610963806622e-01 -3.981131244911397804e-01
-1.842509790224363120e-01 -3.855492506693551924e-01
-1.782531927886251422e-01 -3.732785487248428402e-01
-1.724140575141215603e-01 -3.613040083120878654e-01
-1.667328325542192513e-01 -3.496275090456436585e-01
-1.612084178401330670e-01 -3.382499101448694367e-01
-1.558393891594140046e-01 -3.271711384422409385e-01
-1.506240321179629915e-01 -3.163902739458180902e-01
-1.455603745834369023e-01 -3.059056323097336105e-01
-1.406462174625036921e-01 -2.957148437142333441e-01
-1.358791637108348327e-01 -2.858149277882184869e-01
-1.312566455150026568e-01 -2.762023643224337244e-01
-1.267759496198447022e-01 -2.668731596208668289e-01
-1.224342408037210894e-01 -2.578229084224091805e-01
-1.182285835278700376e-01 -2.490468513954147145e-01
-1.141559618052349900e-01 -2.405399282657045001e-01
-1.102132973491956186e-01 -2.322968266850607977e-01
-1.063974660740777539e-01 -2.243120269836464120e-01
-1.027053130276220916e-01 -2.165798429773278799e-01
-9.913366584121215130e-02 -2.090944590207953757e-01
-9.567934678701450757e-02 -2.018499635107803558e-01
-9.233918353265080370e-02 -1.948403790516184952e-01
-8.911001868394292924e-02 -1.880596894988189605e-01
-8.598871820495319895e-02 -1.815018640960293361e-01
-8.297217880224307118e-02 -1.751608789175485847e-01
-8.005733435722878211e-02 -1.690307358229930779e-01
-7.724116148691134720e-02 -1.631054791234014534e-01
-7.452068430927169529e-02 -1.573792101494486118e-01
-7.189297848538175884e-02 -1.518460999029160319e-01
-6.935517460590742700e-02 -1.465003999624654718e-01
-6.690446098525645868e-02 -1.413364518043516149e-01
-6.453808592223396479e-02 -1.363486946882065953e-01
-6.225335948175952927e-02 -1.315316722476050082e-01
-6.004765484802542658e-02 -1.268800379149118140e-01
-5.791840929546310246e-02 -1.223885593000242494e-01
-5.586312482005872937e-02 -1.180521216331254092e-01
-5.387936846993642004e-02 -1.138657303725212622e-01
-5.196477241071491282e-02 -1.098245130700678113e-01
-5.011703375794811927e-02 -1.059237205786378450e-01
-4.833391420597776822e-02 -1.021587276785281273e-01
-4.661323947975784532e-02 -9.852503319267104376e-02
-4.495289863364668181e-02 -9.501825965397978080e-02
-4.335084321879777158e-02 -9.163415258210798331e-02
-4.180508633860548218e-02 -8.836857942132574084e-02
-4.031370160966563782e-02 -8.521752818608191449e-02
-3.887482204388532231e-02 -8.217710585611523455e-02
-3.748663886570896553e-02 -7.924353655866744894e-02
-3.614740027690895030e-02 -7.641315957141842086e-02
-3.485541018000837959e-02 -7.368242717617748405e-02
-3.360902687015049350e-02 -7.104790239010480568e-02
-3.240666170409464003e-02 -6.850625659827781766e-02
-3.124677775399210822e-02 -6.605426710873432694e-02
-3.012788845266930332e-02 -6.368881464869793896e-02
-2.904855623631052985e-02 -6.140688081849940416e-02
-2.800739118968173166e-02 -5.920554551772972546e-02
-2.700304969836142543e-02 -5.708198435638123930e-02
-2.603423311184003067e-02 -5.503346606213074116e-02
-2.509968642080637191e-02 -5.305734989348136199e-02
-2.419819695145558613e-02 -5.115108306719005904e-02
-2.332859307921974351e-02 -4.931219820725303571e-02
-2.248974296393698585e-02 -4.753831082168945288e-02
-2.168055330813161569e-02 -4.582711681244102525e-02
-2.089996813977310422e-02 -4.417639002288462763e-02
-2.014696762061160204e-02 -4.258397982672285087e-02
-1.942056688094904657e-02 -4.104780876136802925e-02
-1.871981488149354264e-02 -3.956587020835870827e-02
-1.804379330275964616e-02 -3.813622612283752711e-02
-1.739161546231372465e-02 -3.675700481366837163e-02
-1.676242526002109240e-02 -3.542639877537349935e-02
-1.615539615132693257e-02 -3.414266257272154104e-02
-1.556973014849471690e-02 -3.290411077849082072e-02
-1.500465684963208160e-02 -3.170911596466428201e-02
-1.445943249525316263e-02 -3.055610674707839175e-02
-1.393333905205715838e-02 -2.944356588334536701e-02
-1.342568332354383137e-02 -2.837002842369239219e-02
-1.293579608703664119e-02 -2.733407991421033661e-02
-1.246303125664266834e-02 -2.633435465187475288e-02
-1.200676507164341600e-02 -2.536953399059204556e-02
-1.156639530978274474e-02 -2.443834469743069379e-02
-1.114134052489525878e-02 -2.353955735811949154e-02
-1.073103930830080800e-02 -2.267198483083075755e-02
-1.033494957337730003e-02 -2.183448074721389826e-02
-9.952547862714686971e-03 -2.102593805960317058e-02
-9.583328677246368693e-03 -2.024528763329055958e-02
-9.226803826751275514e-03 -1.949149688273060094e-02
-8.882501801118851056e-03 -1.876356845052639180e-02
-8.549967161770618065e-03 -1.806053892803505256e-02
-8.228759952635252353e-03 -1.738147761642524700e-02
-7.918455130078931592e-03 -1.672548532701827878e-02
-7.618642011199001918e-03 -1.609169321974749864e-02
-7.328923739896348391e-03 -1.547926167857718166e-02
-7.048916770150275707e-03 -1.488737922273178534e-02
-6.778250365928842336e-03 -1.431526145259835736e-02
-6.516566117177400273e-03 -1.376215002917938190e-02
-6.263517471338488768e-03 -1.322731168598911301e-02
-6.018769279866924976e-03 -1.271003727230404085e-02
-5.781997359215036714e-03 -1.220964082669693390e-02
-5.552888065774210478e-03 -1.172545867980319401e-02
-5.331137884270371018e-03 -1.125684858528899074e-02
-5.116453029122478707e-03 -1.080318887801120196e-02
-4.908549058284601870e-03 -1.036387765838066299e-02
-4.707150499103557317e-03 -9.938332001961544884e-03
-4.511990485735471387e-03 -9.525987193361312722e-03
-4.322810407675814828e-03 -9.126295983487251254e-03
-4.139359568968534187e-03 -8.738727869266930959e-03
-3.961394857670729602e-03 -8.362768394951205012e-03
-3.788680425159990980e-03 -7.997918474139277881e-03
-3.620987374881905890e-03 -7.643693731685984386e-03
-3.458093460145343460e-03 -7.299623864671510483e-03
-3.299782790583054119e-03 -6.965252021633671319e-03
-3.145845546904660860e-03 -6.640134199282002152e-03
-2.996077703578387159e-03 -6.323838655931710018e-03
-2.850280759086895946e-03 -6.015945340913686143e-03
-2.708261473411251175e-03 -5.716045339234468101e-03
-2.569831612405367154e-03 -5.423740330776927361e-03
-2.434807698731345556e-03 -5.138642063349052255e-03
-2.303010769033847320e-03 -4.860371838903842709e-03
-2.174266137038973271e-03 -4.588560012268600406e-03
-2.048403162270252646e-03 -4.322845501736379513e-03
-1.925255024081044515e-03 -4.062875310886277305e-03
-1.804658500709096364e-03 -3.808304061012500377e-03
-1.686453753065069805e-03 -3.558793533554707993e-03
-1.570484112972654698e-03 -3.314012221934110707e-03
-1.456595875583307012e-03 -3.073634892211101009e-03
-1.344638095693809427e-03 -2.837342151990827985e-03
-1.234462387699656206e-03 -2.604820027013171960e-03
-1.125922728921767034e-03 -2.375759544872878444e-03
-1.018875266048233606e-03 -2.149856325324412711e-03
-9.131781244366741308e-04 -1.926810176634083382e-03
-8.086912200263563465e-04 -1.706324697449533622e-03
-7.052760736125007670e-04 -1.488106883663401240e-03
-6.027956272381527385e-04 -1.271866739754234400e-03
-5.011140624616660343e-04 -1.057316894093227391e-03
-4.000966202602028042e-04 -8.441722177103082444e-04
-2.996094223317173383e-04 -6.321494460174162866e-04
-1.995192935596539331e-04 -4.209668029904733164e-04
-9.969358540606210889e-05 -2.103436273146569685e-04
