1.046680531804602188e+00
1.046680531804602188e+00
1.046680531804602188e+00
1.046680531804602188e+00
1.046680531804602188e+00
1.046680531804602188e+00
1.046680531804602188e+00
1.046680531804602188e+00
1.046680531804602188e+00
1.046680531804602188e+00
1.046680531804602188e+00
1.046680531804602188e+00
1.046680531804602188e+00
1.046680531804602188e+00
1.046680531804602188e+00
1.046680531804602188e+00
1.046680531804602188e+00
1.046680531804602188e+00
1.046680531804602188e+00
1.046680531804602188e+00
1.046680531804602188e+00
1.046680531804602188e+00
1.046680531804602188e+00
1.046680531804602188e+00
1.046680531804602188e+00
1.046680531804602188e+00
1.046680531804602188e+00
1.046680531804602188e+00
1.046680531804602188e+00
1.046680531804602188e+00
1.046680531804602188e+00
1.046680531804602188e+00
1.046680531804602188e+00
1.046680531804602188e+00
1.046680531804602188e+00
1.046680531804602188e+00
1.046680531804602188e+00
1.046680531804602188e+00
1.046680531804602188e+00
1.046680531804602188e+00
1.046680531804602188e+00
1.046680531804602188e+00
1.046680531804602188e+00
1.046680531804602188e+00
1.046680531804602188e+00
1.046680531804602188e+00
1.046680531804602188e+00
1.046680531804602188e+00
1.046680531804602188e+00
1.046680531804602188e+00
1.046680531804602188e+00
1.046680531804602188e+00
1.046680531804602188e+00
1.046680531804602188e+00
1.046680531804602188e+00
1.046680531804602188e+00
1.046680531804602188e+00
1.046680531804602188e+00
1.046680531804602188e+00
1.046680531804602188e+00
1.046680531804602188e+00
1.046680531804602188e+00
1.046680531804602188e+00
1.046680531804602188e+00
1.046680531804602188e+00
