-9.456492739235914380e-01
-9.456492739235914380e-01
-9.456492739235914380e-01
-9.456492739235914380e-01
-9.456492739235914380e-01
-9.456492739235914380e-01
-9.456492739235914380e-01
-9.456492739235914380e-01
-9.456492739235914380e-01
-9.456492739235914380e-01
-9.456492739235914380e-01
-9.456492739235914380e-01
-9.456492739235914380e-01
-9.456492739235914380e-01
-9.456492739235914380e-01
-9.456492739235914380e-01
-9.456492739235914380e-01
-9.456492739235914380e-01
-9.456492739235914380e-01
-9.456492739235914380e-01
-9.456492739235914380e-01
-9.456492739235914380e-01
-9.456492739235914380e-01
-9.456492739235914380e-01
-9.456492739235914380e-01
-9.456492739235914380e-01
-9.456492739235914380e-01
-9.456492739235914380e-01
-9.456492739235914380e-01
-9.456492739235914380e-01
-9.456492739235914380e-01
-9.456492739235914380e-01
-9.456492739235914380e-01
-9.456492739235914380e-01
-9.456492739235914380e-01
-9.456492739235914380e-01
-9.456492739235914380e-01
-9.456492739235914380e-01
-9.456492739235914380e-01
-9.456492739235914380e-01
-9.456492739235914380e-01
-9.456492739235914380e-01
-9.456492739235914380e-01
-9.456492739235914380e-01
-9.456492739235914380e-01
-9.456492739235914380e-01
-9.456492739235914380e-01
-9.456492739235914380e-01
-9.456492739235914380e-01
-9.456492739235914380e-01
-9.456492739235914380e-01
-9.456492739235914380e-01
-9.456492739235914380e-01
-9.456492739235914380e-01
-9.456492739235914380e-01
-9.456492739235914380e-01
-9.456492739235914380e-01
-9.456492739235914380e-01
-9.456492739235914380e-01
-9.456492739235914380e-01
-9.456492739235914380e-01
-9.456492739235914380e-01
-9.456492739235914380e-01
-9.456492739235914380e-01
-9.456492739235914380e-01
