-6.859346001921416969e-01
-6.394299820860332995e-01
-5.863458185021328539e-01
-5.265217899679434099e-01
-4.600573665483441710e-01
-3.873755479637320809e-01
-3.092677874894463330e-01
-2.269070711301166832e-01
-1.418191512714931657e-01
-5.580894054314599478e-02
2.915121375691398162e-02
1.110551209267528899e-01
1.879960588307927338e-01
2.582777824221204610e-01
3.204873464927610605e-01
3.735236701958727923e-01
4.165858004538644521e-01
4.491321923180947584e-01
4.708257233665462116e-01
4.814789099282842377e-01
4.810111134220972917e-01
4.694257131619097856e-01
4.468111335357260461e-01
4.133655556996879143e-01
3.694410823447942249e-01
3.155990401556127978e-01
2.526643469238297190e-01
1.817643415286455955e-01
1.043374920843896103e-01
2.210113633088600996e-02
-6.302493163101556550e-02
-1.490320744413765608e-01
-2.339570400037501996e-01
-3.160145217398301343e-01
-3.937061886761146767e-01
-4.658906382644882327e-01
-5.318084092441791588e-01
-5.910657717738573291e-01
-6.435877076855267553e-01
-6.895531850707894428e-01
-7.293250066534207043e-01
-7.633835472650447596e-01
-7.922700548472245696e-01
-8.165419208555420028e-01
-8.367399364020237096e-01
-8.533661154733036547e-01
-8.668700193096902096e-01
-8.776414088849312511e-01
-8.860072549171953415e-01
-8.922314745936165137e-01
-8.965161317801758623e-01
-8.990031746939010082e-01
-8.997760690089430247e-01
-8.988609139527021785e-01
-8.962268147253451556e-01
-8.917854428599264471e-01
-8.853898656014269619e-01
-8.768328852769412540e-01
-8.658453185111705253e-01
-8.520948790049005517e-01
-8.351866163306460589e-01
-8.146662042274570581e-01
-7.900277399743336204e-01
-7.607280496715855822e-01
-7.262096782733029610e-01
