0.0     		0.1504253872218094     0.1509799363982428
0.05263157894736842     0.16371624074216867     0.16429615006657083
0.10526315789473684     0.17775508732083672     0.17835904522991025
0.15789473684210525     0.19252942499179665     0.193155670659084
0.21052631578947367     0.20801734309704542     0.2086635972262566
0.2631578947368421     0.22418631432607422     0.22484970256857142
0.3157894736842105     0.24099192416305695     0.24166888286626104
0.3684210526315789     0.2583765419806002     0.25906270235872086
0.42105263157894735     0.2762679384756453     0.27695798136179245
0.47368421052631576     0.2945778542524834     0.2952653227604214
0.5263157894736842     0.31320052393442893     0.3138775886222979
0.5789473684210527     0.33201115896758887     0.3326682914490379
0.631578947368421     0.3508643898929529     0.35148993956457264
0.6842105263157894     0.3695926647632127     0.37017228026387866
0.7368421052631579     0.3880045937653858     0.388520429614393
0.7894736842105263     0.40588321976763503     0.4063128376136853
0.8421052631578947     0.42298417859876813     0.42329901080605487
0.894736842105263     0.43903368835945755     0.43919687097475196
0.9473684210526315     0.4537262694487516     0.45368955901918406
1.0     		0.466722037937241     0.46642139112073333
