0.0     0.107046045926391     0.10743424169872748
0.05263157894736842     0.1165026429674712     0.11689732632972967
0.10526315789473684     0.12648807575574675     0.12688616770419567
0.15789473684210525     0.13699259779417633     0.1373903631203854
0.21052631578947367     0.1479996568550207     0.14839260919185646
0.2631578947368421     0.15948503015195942     0.1598678214309066
0.3157894736842105     0.17141591618009988     0.1717822064798237
0.3684210526315789     0.18374998660640124     0.18409228902593514
0.42105263157894735     0.19643440198203774     0.19674389531238945
0.47368421052631576     0.20940479519792282     0.20967109453867702
0.5263157894736842     0.222584226390755     0.22279509825429666
0.5789473684210527     0.23588211224779004     0.2360231155331034
0.631578947368421     0.24919313109606872     0.24924715813670403
0.6842105263157894     0.26239610242200373     0.262342783984817
0.7368421052631579     0.27535283499827173     0.27516775842903707
0.7894736842105263     0.2879069307668362     0.2875605994749527
0.8421052631578947     0.2998825207631357     0.2993389531620936
0.894736842105263     0.311082892657005     0.3102977161857244
0.9473684210526315     0.3212889436818093     0.3202067802789325
1.0     0.3302573524223288     0.3288082124833952
