0.0     		0.21409209185278202     0.21543711515525918
0.05263157894736842     0.23300528593477396     0.23441995369871724
0.10526315789473684     0.2529761515110981     0.254459169804604
0.15789473684210525     0.27398519558800366     0.27553455719034303
0.21052631578947367     0.2959993137095049     0.29761222489844424
0.2631578947368421     0.3189700603031516     0.3206428872368937
0.3157894736842105     0.3428318323591538     0.344560025324826
0.3684210526315789     0.3674999732114245     0.3692780015599595
0.42105263157894735     0.39286880396230806     0.39469008795686455
0.47368421052631576     0.41880959039362503     0.4206664309831179
0.5263157894736842     0.4451684527787679     0.4470519570749366
0.5789473684210527     0.4717642244922405     0.473664223140252
0.631578947368421     0.498386262188118     0.5002912124581737
0.6842105263157894     0.5247922048392153     0.5266890696866127
0.7368421052631579     0.5507056699908739     0.5525797575871504
0.7894736842105263     0.5758138615270025     0.5776486009353642
0.8421052631578947     0.5997650415184541     0.6015416558304408
0.894736842105263     0.6221657853048617     0.6238627999260116
0.9473684210526315     0.6425778873529011     0.6441703718271548
1.0     		0.6605147048320503     0.6619730787183385
