0.0     0.3088384822256504     0.31028388083817965
0.05263157894736842     0.33610853188131057     0.3376309691031807
0.10526315789473684     0.3648733768485586     0.36647665321000444
0.15789473684210525     0.39509728979928016     0.396783902329471
0.21052631578947367     0.42672393002545567     0.4284948338382312
0.2631578947368421     0.45967380559289206     0.46152815458591945
0.3157894736842105     0.49384162238553087     0.4957764883655385
0.3684210526315789     0.529093533348399     0.5311035999625945
0.42105263157894735     0.5652643029626406     0.567341530963288
0.47368421052631576     0.6021544031450419     0.6042876613348834
0.5263157894736842     0.6395270570259831     0.6417017108284742
0.5789473684210527     0.677105245959608     0.6793026920068517
0.631578947368421     0.7145686919992817     0.7167658216808879
0.6842105263157894     0.7515508219804818     0.7537193889427848
0.7368421052631579     0.7876357088984404     0.7897415636593632
0.7894736842105263     0.8223549693623939     0.8243571062908424
0.8421052631578947     0.8551845693565371     0.8570339042347123
0.894736842105263     0.8855414493254848     0.8871792067455949
0.9473684210526315     0.9127798156508313     0.9141353254214063
1.0     0.936186845499155     0.9371744717239977
