0.0     0.07720962055641258     0.07772911166750225
0.05263157894736842     0.08402713297032766     0.0845665502082988
0.10526315789473684     0.09121834421213965     0.09177546370589212
0.15789473684210525     0.09877432244982007     0.09934629741890258
0.21052631578947367     0.10668098250636388     0.10726425445954113
0.2631578947368421     0.11491845139822306     0.11550864935564495
0.3157894736842105     0.12346040559638274     0.12405223085410111
0.3684210526315789     0.1322733833370998     0.1328604765226902
0.42105263157894735     0.14131607574066016     0.14189086187257613
0.47368421052631576     0.15053860078626044     0.1510921066585197
0.5263157894736842     0.15988176425649578     0.1604034005774585
0.5789473684210527     0.169276311489902     0.16975360964456218
0.631578947368421     0.17864217299982038     0.17906046276935678
0.6842105263157894     0.18788770549512043     0.1882297152312929
0.7368421052631579     0.1969089272246101     0.19715428130009532
0.7894736842105263     0.2055887423405985     0.20571332137738713
0.8421052631578947     0.2137961423391343     0.21377125878569178
0.894736842105263     0.2213853623313712     0.2211766860269882
0.9473684210526315     0.22819495391270783     0.2277610974682688
1.0     0.23404671137478864     0.23333735192542743
