-8.999999999999996891e-01 -9.000000000000000222e-01
-8.999999999999988010e-01 -9.000000000000000222e-01
-8.999999999999983569e-01 -8.999999999999999112e-01
-8.999999999999980238e-01 -9.000000000000000222e-01
-8.999999999999979128e-01 -9.000000000000000222e-01
-8.999999999999979128e-01 -9.000000000000005773e-01
-8.999999999999980238e-01 -9.000000000000011324e-01
-8.999999999999978018e-01 -9.000000000000011324e-01
-8.999999999999973577e-01 -9.000000000000016875e-01
-8.999999999999973577e-01 -9.000000000000014655e-01
-8.999999999999969136e-01 -9.000000000000019096e-01
-8.999999999999969136e-01 -9.000000000000019096e-01
-8.999999999999970246e-01 -9.000000000000016875e-01
-8.999999999999972466e-01 -9.000000000000016875e-01
-8.999999999999972466e-01 -9.000000000000015765e-01
-8.999999999999974687e-01 -9.000000000000012434e-01
-8.999999999999981348e-01 -9.000000000000011324e-01
-8.999999999999980238e-01 -9.000000000000013545e-01
-8.999999999999986899e-01 -9.000000000000019096e-01
-8.999999999999984679e-01 -9.000000000000014655e-01
-8.999999999999985789e-01 -9.000000000000011324e-01
-8.999999999999980238e-01 -9.000000000000011324e-01
-8.999999999999989120e-01 -9.000000000000014655e-01
-8.999999999999978018e-01 -9.000000000000010214e-01
-8.999999999999981348e-01 -9.000000000000010214e-01
-8.999999999999983569e-01 -9.000000000000012434e-01
-8.999999999999986899e-01 -9.000000000000013545e-01
-8.999999999999989120e-01 -9.000000000000011324e-01
-8.999999999999986899e-01 -9.000000000000014655e-01
-8.999999999999982458e-01 -9.000000000000012434e-01
-8.999999999999978018e-01 -9.000000000000009104e-01
-8.999999999999976907e-01 -9.000000000000007994e-01
-8.999999999999978018e-01 -8.999999999999999112e-01
-8.999999999999981348e-01 -9.000000000000007994e-01
-8.999999999999981348e-01 -9.000000000000009104e-01
-8.999999999999984679e-01 -9.000000000000009104e-01
-8.999999999999989120e-01 -9.000000000000005773e-01
-8.999999999999989120e-01 -9.000000000000010214e-01
-8.999999999999992450e-01 -9.000000000000012434e-01
-8.999999999999992450e-01 -9.000000000000014655e-01
-8.999999999999990230e-01 -9.000000000000015765e-01
-8.999999999999990230e-01 -9.000000000000014655e-01
-8.999999999999985789e-01 -9.000000000000014655e-01
-8.999999999999989120e-01 -9.000000000000016875e-01
-8.999999999999993561e-01 -9.000000000000014655e-01
-8.999999999999991340e-01 -9.000000000000013545e-01
-8.999999999999986899e-01 -9.000000000000013545e-01
-8.999999999999990230e-01 -9.000000000000013545e-01
-8.999999999999991340e-01 -9.000000000000011324e-01
-8.999999999999993561e-01 -9.000000000000010214e-01
-8.999999999999994671e-01 -9.000000000000005773e-01
-8.999999999999994671e-01 -9.000000000000001332e-01
-8.999999999999998002e-01 -8.999999999999998002e-01
-9.000000000000001332e-01 -8.999999999999995781e-01
-9.000000000000001332e-01 -8.999999999999992450e-01
-9.000000000000002442e-01 -8.999999999999993561e-01
-9.000000000000001332e-01 -8.999999999999990230e-01
-9.000000000000001332e-01 -8.999999999999990230e-01
-9.000000000000001332e-01 -8.999999999999990230e-01
-9.000000000000001332e-01 -8.999999999999989120e-01
-9.000000000000002442e-01 -8.999999999999989120e-01
-9.000000000000005773e-01 -8.999999999999988010e-01
-9.000000000000010214e-01 -8.999999999999991340e-01
-9.000000000000016875e-01 -8.999999999999988010e-01
-9.000000000000019096e-01 -8.999999999999991340e-01
-9.000000000000024647e-01 -8.999999999999992450e-01
-9.000000000000032419e-01 -8.999999999999994671e-01
-9.000000000000037970e-01 -8.999999999999995781e-01
-9.000000000000041300e-01 -8.999999999999995781e-01
-9.000000000000050182e-01 -8.999999999999998002e-01
-9.000000000000056843e-01 -9.000000000000000222e-01
-9.000000000000063505e-01 -9.000000000000001332e-01
-9.000000000000070166e-01 -8.999999999999999112e-01
-9.000000000000072387e-01 -8.999999999999993561e-01
-9.000000000000075717e-01 -8.999999999999991340e-01
-9.000000000000075717e-01 -8.999999999999988010e-01
-9.000000000000077938e-01 -8.999999999999983569e-01
-9.000000000000079048e-01 -8.999999999999981348e-01
-9.000000000000076827e-01 -8.999999999999978018e-01
-9.000000000000076827e-01 -8.999999999999974687e-01
-9.000000000000077938e-01 -8.999999999999973577e-01
-9.000000000000079048e-01 -8.999999999999970246e-01
-9.000000000000076827e-01 -8.999999999999966915e-01
-9.000000000000076827e-01 -8.999999999999964695e-01
-9.000000000000074607e-01 -8.999999999999961364e-01
-9.000000000000069056e-01 -8.999999999999965805e-01
-9.000000000000063505e-01 -8.999999999999959144e-01
-9.000000000000059064e-01 -8.999999999999961364e-01
-9.000000000000051292e-01 -8.999999999999960254e-01
-9.000000000000043521e-01 -8.999999999999959144e-01
-9.000000000000035749e-01 -8.999999999999959144e-01
-9.000000000000025757e-01 -8.999999999999954703e-01
-9.000000000000014655e-01 -8.999999999999949152e-01
-9.000000000000003553e-01 -8.999999999999944711e-01
-8.999999999999993561e-01 -8.999999999999935829e-01
-8.999999999999982458e-01 -8.999999999999934719e-01
-8.999999999999970246e-01 -8.999999999999922506e-01
-8.999999999999952482e-01 -8.999999999999906963e-01
-8.999999999999923617e-01 -8.999999999999883649e-01
-8.999999999999893641e-01 -8.999999999999858113e-01
-8.999999999999854783e-01 -8.999999999999819256e-01
-8.999999999999799272e-01 -8.999999999999765965e-01
-8.999999999999725997e-01 -8.999999999999692690e-01
-8.999999999999623856e-01 -8.999999999999592770e-01
-8.999999999999503952e-01 -8.999999999999468425e-01
-8.999999999999324096e-01 -8.999999999999297451e-01
-8.999999999999090949e-01 -8.999999999999068745e-01
-8.999999999998795630e-01 -8.999999999998771205e-01
-8.999999999998401501e-01 -8.999999999998378186e-01
-8.999999999997871925e-01 -8.999999999997846389e-01
-8.999999999997174704e-01 -8.999999999997145839e-01
-8.999999999996232125e-01 -8.999999999996207700e-01
-8.999999999994985345e-01 -8.999999999994963140e-01
-8.999999999993342215e-01 -8.999999999993317790e-01
-8.999999999991142863e-01 -8.999999999991127320e-01
-8.999999999988232968e-01 -8.999999999988224086e-01
-8.999999999984371613e-01 -8.999999999984364951e-01
-8.999999999979242382e-01 -8.999999999979237941e-01
-8.999999999972436715e-01 -8.999999999972436715e-01
-8.999999999963391728e-01 -8.999999999963397279e-01
-8.999999999951390217e-01 -8.999999999951397989e-01
-8.999999999935454076e-01 -8.999999999935461847e-01
-8.999999999914292115e-01 -8.999999999914291005e-01
-8.999999999886192370e-01 -8.999999999886192370e-01
-8.999999999848875554e-01 -8.999999999848871113e-01
-8.999999999799326300e-01 -8.999999999799325190e-01
-8.999999999733530043e-01 -8.999999999733527822e-01
-8.999999999646167703e-01 -8.999999999646157711e-01
-8.999999999530163830e-01 -8.999999999530150507e-01
-8.999999999376105952e-01 -8.999999999376098181e-01
-8.999999999171550691e-01 -8.999999999171538478e-01
-8.999999998899927967e-01 -8.999999998899916864e-01
-8.999999998539250923e-01 -8.999999998539240931e-01
-8.999999998060319584e-01 -8.999999998060306261e-01
-8.999999997424357190e-01 -8.999999997424343867e-01
-8.999999996579887140e-01 -8.999999996579869377e-01
-8.999999995458535240e-01 -8.999999995458517477e-01
-8.999999993969518552e-01 -8.999999993969507450e-01
-8.999999991992311266e-01 -8.999999991992296833e-01
-8.999999989366839204e-01 -8.999999989366822550e-01
-8.999999985880560160e-01 -8.999999985880540176e-01
-8.999999981251236569e-01 -8.999999981251216585e-01
-8.999999975104100436e-01 -8.999999975104080452e-01
-8.999999966941507612e-01 -8.999999966941488738e-01
-8.999999956102655574e-01 -8.999999956102640031e-01
-8.999999941710077334e-01 -8.999999941710066231e-01
-8.999999922598622693e-01 -8.999999922598621582e-01
-8.999999897221113709e-01 -8.999999897221123701e-01
-8.999999863523127086e-01 -8.999999863523138188e-01
-8.999999818776611704e-01 -8.999999818776630578e-01
-8.999999759359108564e-01 -8.999999759359126328e-01
-8.999999680460466500e-01 -8.999999680460490925e-01
-8.999999575693419240e-01 -8.999999575693440335e-01
-8.999999436576530121e-01 -8.999999436576548995e-01
-8.999999251847553561e-01 -8.999999251847574655e-01
-8.999999006551723246e-01 -8.999999006551739900e-01
-8.999998680831069464e-01 -8.999998680831090558e-01
-8.999998248316826155e-01 -8.999998248316841698e-01
-8.999997673994756253e-01 -8.999997673994770686e-01
-8.999996911370585773e-01 -8.999996911370597985e-01
-8.999995898706080188e-01 -8.999995898706092401e-01
-8.999994554021099047e-01 -8.999994554021110149e-01
-8.999992768456975822e-01 -8.999992768456982484e-01
-8.999990397464070480e-01 -8.999990397464077141e-01
-8.999987249100109832e-01 -8.999987249100119824e-01
-8.999983068492135585e-01 -8.999983068492146687e-01
-8.999977517204437172e-01 -8.999977517204440502e-01
-8.999970145842511871e-01 -8.999970145842514091e-01
-8.999960357676071165e-01 -8.999960357676071165e-01
-8.999947360337260394e-01 -8.999947360337259283e-01
-8.999930101686127726e-01 -8.999930101686122175e-01
-8.999907184655234760e-01 -8.999907184655226988e-01
-8.999876754186446615e-01 -8.999876754186439953e-01
-8.999836347119072322e-01 -8.999836347119067881e-01
-8.999782692898388170e-01 -8.999782692898375958e-01
-8.999711449008560571e-01 -8.999711449008549469e-01
-8.999616849778628858e-01 -8.999616849778608874e-01
-8.999491240247645685e-01 -8.999491240247625701e-01
-8.999324457560027302e-01 -8.999324457560008428e-01
-8.999103010176225936e-01 -8.999103010176201511e-01
-8.998808989093949329e-01 -8.998808989093922683e-01
-8.998418624069571825e-01 -8.998418624069547400e-01
-8.997900369951596922e-01 -8.997900369951566946e-01
-8.997212371714888857e-01 -8.997212371714857770e-01
-8.996299109153780282e-01 -8.996299109153751417e-01
-8.995086960467786330e-01 -8.995086960467760795e-01
-8.993478344678601522e-01 -8.993478344678571546e-01
-8.991344002183547790e-01 -8.991344002183521145e-01
-8.988512847242642323e-01 -8.988512847242615678e-01
-8.984758673628427950e-01 -8.984758673628397974e-01
-8.979782816400769807e-01 -8.979782816400737611e-01
-8.973191677735661287e-01 -8.973191677735634642e-01
-8.964467836496475828e-01 -8.964467836496454733e-01
-8.952933329728781642e-01 -8.952933329728764988e-01
-8.937703714356552975e-01 -8.937703714356537432e-01
-8.917631855942773633e-01 -8.917631855942764751e-01
-8.891241322212969367e-01 -8.891241322212961595e-01
-8.856651196938707393e-01 -8.856651196938706283e-01
-8.811497637531356952e-01 -8.811497637531354732e-01
-8.752863206494917447e-01 -8.752863206494914117e-01
-8.677233325236841655e-01 -8.677233325236837214e-01
-8.580509684479359356e-01 -8.580509684479357135e-01
-8.458120706001232003e-01 -8.458120706001228672e-01
-8.305273563584736340e-01 -8.305273563584731900e-01
-8.117381632868505559e-01 -8.117381632868492236e-01
-7.890665556133520386e-01 -7.890665556133507064e-01
-7.622862571233677276e-01 -7.622862571233665063e-01
-7.313902849609461576e-01 -7.313902849609452694e-01
-6.966361210607242560e-01 -6.966361210607234788e-01
-6.585511723152884800e-01 -6.585511723152881469e-01
-6.178916280111104165e-01 -6.178916280111101944e-01
-5.755627169723170899e-01 -5.755627169723172010e-01
-5.325203192486844817e-01 -5.325203192486845927e-01
-4.896771528861120770e-01 -4.896771528861124656e-01
-4.478311708372798572e-01 -4.478311708372803013e-01
-4.076238424623093159e-01 -4.076238424623097045e-01
-3.695268489371779097e-01 -3.695268489371780207e-01
-3.338502876909763550e-01 -3.338502876909762440e-01
-3.007639457798792493e-01 -3.007639457798790272e-01
-2.703242565793326224e-01 -2.703242565793324004e-01
-2.425016863687870783e-01 -2.425016863687868007e-01
-2.172054561078373414e-01 -2.172054561078369528e-01
-1.943041929607510487e-01 -1.943041929607505769e-01
-1.736422195462683782e-01 -1.736422195462679618e-01
-1.550518133441300406e-01 -1.550518133441296242e-01
-1.383620484289912744e-01 -1.383620484289909136e-01
-1.234048998465671204e-01 -1.234048998465668290e-01
-1.100192462404794708e-01 -1.100192462404792071e-01
-9.805331270760407614e-02 -9.805331270760385409e-02
-8.736599024277684478e-02 -8.736599024277663661e-02
-7.782736933361700249e-02 -7.782736933361686371e-02
-6.931874110222586982e-02 -6.931874110222573104e-02
-6.173225164469479248e-02 -6.173225164469467452e-02
-5.497034272910195085e-02 -5.497034272910177044e-02
-4.894507244903834042e-02 -4.894507244903817389e-02
-4.357738023483553880e-02 -4.357738023483536532e-02
-3.879633945102577836e-02 -3.879633945102561876e-02
-3.453842568314473283e-02 -3.453842568314457323e-02
-3.074681816572433224e-02 -3.074681816572417264e-02
-2.737074441257689172e-02 -2.737074441257675295e-02
-2.436487306655786556e-02 -2.436487306655775453e-02
-2.168875661298668572e-02 -2.168875661298657817e-02
-1.930632340541761985e-02 -1.930632340541752617e-02
-1.718541707816084035e-02 -1.718541707816076056e-02
-1.529738061180448486e-02 -1.529738061180441894e-02
-1.361668189484764591e-02 -1.361668189484759039e-02
-1.212057745873390720e-02 -1.212057745873385516e-02
-1.078881106573732068e-02 -1.078881106573727384e-02
-9.603343937299647914e-03 -9.603343937299597607e-03
-8.548113581930845070e-03 -8.548113581930798233e-03
-7.608818387709529243e-03 -7.608818387709488477e-03
-6.772725365381680046e-03 -6.772725365381642749e-03
-6.028498651358879350e-03 -6.028498651358846390e-03
-5.366046597489854651e-03 -5.366046597489826028e-03
-4.776385481425384112e-03 -4.776385481425358959e-03
-4.251518064979486339e-03 -4.251518064979462920e-03
-3.784325406819021454e-03 -3.784325406819000204e-03
-3.368470499752051518e-03 -3.368470499752033304e-03
-2.998312452104469686e-03 -2.998312452104450604e-03
-2.668830067821523211e-03 -2.668830067821504563e-03
-2.375553801867279907e-03 -2.375553801867264728e-03
-2.114505177189265894e-03 -2.114505177189248981e-03
-1.882142847971774672e-03 -1.882142847971759276e-03
-1.675314582114058141e-03 -1.675314582114043830e-03
-1.491214514794791902e-03 -1.491214514794779109e-03
-1.327345095522742451e-03 -1.327345095522730308e-03
-1.181483214062641843e-03 -1.181483214062630134e-03
-1.051650046835011241e-03 -1.051650046835001266e-03
-9.360842155219377576e-04 -9.360842155219278914e-04
-8.332178943058781871e-04 -8.332178943058685377e-04
-7.416555420020200066e-04 -7.416555420020106825e-04
-6.601549708361546679e-04 -6.601549708361455606e-04
-5.876104952361434555e-04 -5.876104952361348903e-04
-5.230379321644209158e-04 -5.230379321644128927e-04
-4.655612495962650125e-04 -4.655612495962576942e-04
-4.144006820788333992e-04 -4.144006820788264604e-04
-3.688621521884999951e-04 -3.688621521884935983e-04
-3.283278544060127396e-04 -3.283278544060069934e-04
-2.922478736887563610e-04 -2.922478736887509942e-04
-2.601327250494889221e-04 -2.601327250494840431e-04
-2.315467129407597683e-04 -2.315467129407551604e-04
-2.061020203626090052e-04 -2.061020203626047769e-04
-1.834534475085124584e-04 -1.834534475085087451e-04
-1.632937285747934966e-04 -1.632937285747901356e-04
-1.453493632012102033e-04 -1.453493632012072489e-04
-1.293769059913608748e-04 -1.293769059913582999e-04
-1.151596637755363260e-04 -1.151596637755340356e-04
-1.025047558099132107e-04 -1.025047558099111914e-04
-9.124049702950632506e-05 -9.124049702950454968e-05
-8.121406885484261612e-05 -8.121406885484104402e-05
-7.228944595331156285e-05 -7.228944595331015339e-05
-6.434555082849174087e-05 -6.434555082849043983e-05
-5.727461120154371630e-05 -5.727461120154257789e-05
-5.098069789991981738e-05 -5.098069789991882127e-05
-4.537842341748740357e-05 -4.537842341748650233e-05
-4.039178348991262360e-05 -4.039178348991183078e-05
-3.595312596937455903e-05 -3.595312596937385430e-05
-3.200223300969545109e-05 -3.200223300969482767e-05
-2.848550411020881325e-05 -2.848550411020826776e-05
-2.535522893499944050e-05 -2.535522893499895261e-05
-2.256894004209774021e-05 -2.256894004209730314e-05
-2.008883674132029622e-05 -2.008883674131991336e-05
-1.788127226442625195e-05 -1.788127226442591652e-05
-1.591629729019453858e-05 -1.591629729019424720e-05
-1.416725363157596198e-05 -1.416725363157569940e-05
-1.261041257260525827e-05 -1.261041257260502618e-05
-1.122465294850735015e-05 -1.122465294850713331e-05
-9.991174601614326558e-06 -9.991174601614131740e-06
-8.893243325642069790e-06 -8.893243325641903772e-06
-7.915963838067453050e-06 -7.915963838067310748e-06
-7.046077700595351687e-06 -7.046077700595225479e-06
-6.271783446167295058e-06 -6.271783446167184096e-06
-5.582576472232619724e-06 -5.582576472232512998e-06
-4.969106528165351376e-06 -4.969106528165258202e-06
-4.423050863404386451e-06 -4.423050863404299206e-06
-3.937001315358288546e-06 -3.937001315358213160e-06
-3.504363805232559837e-06 -3.504363805232488686e-06
-3.119268878271368086e-06 -3.119268878271311758e-06
-2.776492074741852904e-06 -2.776492074741796153e-06
-2.471383051359597457e-06 -2.471383051359551293e-06
-2.199802491568436956e-06 -2.199802491568393334e-06
-1.958065948756330200e-06 -1.958065948756295895e-06
-1.742893860546389651e-06 -1.742893860546360852e-06
-1.551367056022837506e-06 -1.551367056022815271e-06
-1.380887152272691634e-06 -1.380887152272664317e-06
-1.229141302955623966e-06 -1.229141302955603637e-06
-1.094070820657257822e-06 -1.094070820657241728e-06
-9.738432473353068495e-07 -9.738432473352905441e-07
-8.668274939473023769e-07 -8.668274939472909419e-07
-7.715717119871194177e-07 -7.715717119871225940e-07
-6.867835967205462925e-07 -6.867835967205504218e-07
-6.113128549001607753e-07 -6.113128549001808923e-07
-5.441355991047328420e-07 -5.441355991047575118e-07
-4.843404569859233428e-07 -4.843404569859607181e-07
-4.311162069711175169e-07 -4.311162069711533041e-07
-3.837407726796958330e-07 -3.837407726797417845e-07
-3.415714267437212307e-07 -3.415714267437534179e-07
-3.040360711312316116e-07 -3.040360711312398702e-07
-2.706254756751912759e-07 -2.706254756751655473e-07
-2.408863695106168111e-07 -2.408863695105860002e-07
-2.144152916937523842e-07 -2.144152916937287996e-07
-1.908531175764196015e-07 -1.908531175764335776e-07
-1.698801866767982999e-07 -1.698801866768134407e-07
-1.512119659478042682e-07 -1.512119659478207853e-07
-1.345951896082910391e-07 -1.345951896082931303e-07
-1.198044231671293723e-07 -1.198044231671409925e-07
-1.066390050256298516e-07 -1.066390050256221886e-07
-9.492032416571035240e-08 -9.492032416568769427e-08
-8.448939699139345096e-08 -8.448939699135751824e-08
-7.520471044915671446e-08 -7.520471044914027672e-08
-6.694030216563121755e-08 -6.694030216562540743e-08
-5.958405155631264383e-08 -5.958405155631407982e-08
-5.303615872146633137e-08 -5.303615872148129342e-08
-4.720779049279887262e-08 -4.720779049282883641e-08
-4.201987526226684943e-08 -4.201987526231212599e-08
-3.740203024288174378e-08 -3.740203024291005321e-08
-3.329160660785450501e-08 -3.329160660791951479e-08
-2.963283955414572239e-08 -2.963283955421446771e-08
-2.637609175908045727e-08 -2.637609175914056352e-08
-2.347717996672822508e-08 -2.347717996675970757e-08
-2.089677556775589394e-08 -2.089677556778607611e-08
-1.859987104081324663e-08 -1.859987104084584086e-08
-1.655530501668007683e-08 -1.655530501669218013e-08
-1.473533952187239077e-08 -1.473533952187949626e-08
-1.311528366648820495e-08 -1.311528366648568040e-08
-1.167315867077740534e-08 -1.167315867076698783e-08
-1.038939968607122274e-08 -1.038939968604565624e-08
-9.246590364698381709e-09 -9.246590364697183951e-09
-8.229226578069658433e-09 -8.229226578050990621e-09
-7.323506076969369867e-09 -7.323506076964393548e-09
-6.517141241002295822e-09 -6.517141241014653900e-09
-5.799192376304526734e-09 -5.799192376305713739e-09
-5.159919300168624374e-09 -5.159919300182453179e-09
-4.590649199219108639e-09 -4.590649199232416320e-09
-4.083658968010771767e-09 -4.083658968040485749e-09
-3.632070432217499896e-09 -3.632070432242395137e-09
-3.229757034549581077e-09 -3.229757034595749749e-09
-2.871260717806571964e-09 -2.871260717858878730e-09
-2.551717877089137797e-09 -2.551717877144222649e-09
-2.266793376854931458e-09 -2.266793376926279095e-09
-2.012621737511372038e-09 -2.012621737602225007e-09
-1.785754693715748631e-09 -1.785754693812677655e-09
-1.583114412842135432e-09 -1.583114412913496924e-09
-1.401951738964764231e-09 -1.401951739036124895e-09
-1.239808896056641778e-09 -1.239808896094434626e-09
-1.094486143984301310e-09 -1.094486143986284476e-09
-9.640119354373637873e-10 -9.640119354240381144e-10
-8.466161685513600591e-10 -8.466161685135380528e-10
-7.407061725063243947e-10 -7.407061724580571651e-10
-6.448451002566784772e-10 -6.448451001871632525e-10
-5.577324352622965807e-10 -5.577324351867502787e-10
-4.781863478608721150e-10 -4.781863478161209201e-10
-4.051276617383752659e-10 -4.051276617244074941e-10
-3.375652130728480903e-10 -3.375652130859192500e-10
-2.745824037304058780e-10 -2.745824037256229646e-10
-2.153247660546548063e-10 -2.153247660463367556e-10
-1.589883705993570688e-10 -1.589883706016751649e-10
-1.048089195455501716e-10 -1.048089195342521898e-10
-5.205137757248616107e-11 -5.205137756592211455e-11
