-9.000024555668768578e-01 -8.999975444165969618e-01
-9.000048513182025145e-01 -8.999950258699211947e-01
-9.000071925791448546e-01 -8.999924465349791181e-01
-9.000094844060204657e-01 -8.999898083138910820e-01
-9.000117316039748516e-01 -8.999871128515493091e-01
-9.000139387436076888e-01 -8.999843615502173266e-01
-9.000161101766146476e-01 -8.999815555831407465e-01
-9.000182500505014005e-01 -8.999786959072261228e-01
-9.000203623224374283e-01 -8.999757832748456199e-01
-9.000224507722847100e-01 -8.999728182448156755e-01
-9.000245190148810082e-01 -8.999698011926131613e-01
-9.000265705115940706e-01 -8.999667323198545787e-01
-9.000286085812176928e-01 -8.999636116631012372e-01
-9.000306364102347301e-01 -8.999604391020208372e-01
-9.000326570624966882e-01 -8.999572143669452018e-01
-9.000346734883520883e-01 -8.999539370458619070e-01
-9.000366885332575784e-01 -8.999506065908731145e-01
-9.000387049459106503e-01 -8.999472223241519186e-01
-9.000407253859290524e-01 -8.999437834434236283e-01
-9.000427524311085392e-01 -8.999402890270072897e-01
-9.000447885842841611e-01 -8.999367380384333259e-01
-9.000468362798224042e-01 -8.999331293306662705e-01
-9.000488978897682735e-01 -8.999294616499586841e-01
-9.000509757296673019e-01 -8.999257336393471363e-01
-9.000530720640909088e-01 -8.999219438418235573e-01
-9.000551891118718784e-01 -8.999180907031889554e-01
-9.000573290510823776e-01 -8.999141725746098164e-01
-9.000594940237660602e-01 -8.999101877148982798e-01
-9.000616861404379110e-01 -8.999061342925263052e-01
-9.000639074843727050e-01 -8.999020103873820453e-01
-9.000661601156952907e-01 -8.998978139923018427e-01
-9.000684460752859106e-01 -8.998935430143614189e-01
-9.000707673885104398e-01 -8.998891952759637824e-01
-9.000731260687964141e-01 -8.998847685157176368e-01
-9.000755241210552926e-01 -8.998802603891196128e-01
-9.000779635449698279e-01 -8.998756684690605301e-01
-9.000804463381564258e-01 -8.998709902461426990e-01
-9.000829744992073778e-01 -8.998662231288384605e-01
-9.000855500306220724e-01 -8.998613644434834136e-01
-9.000881749416470567e-01 -8.998564114341135456e-01
-9.000908512510159554e-01 -8.998513612621559243e-01
-9.000935809896093431e-01 -8.998462110059748387e-01
-9.000963662030377899e-01 -8.998409576602812709e-01
-9.000992089541532959e-01 -8.998355981354108080e-01
-9.001021113255007755e-01 -8.998301292564703235e-01
-9.001050754217089223e-01 -8.998245477623617594e-01
-9.001081033718302260e-01 -8.998188503046861131e-01
-9.001111973316382464e-01 -8.998130334465282987e-01
-9.001143594858812547e-01 -8.998070936611308746e-01
-9.001175920504986827e-01 -8.998010273304513085e-01
-9.001208972748124815e-01 -8.997948307436134385e-01
-9.001242774436878369e-01 -8.997885000952514645e-01
-9.001277348796716815e-01 -8.997820314837483568e-01
-9.001312719451148858e-01 -8.997754209093694611e-01
-9.001348910442823481e-01 -8.997686642722969586e-01
-9.001385946254458759e-01 -8.997617573705610772e-01
-9.001423851829797318e-01 -8.997546958978701603e-01
-9.001462652594450775e-01 -8.997474754413448128e-01
-9.001502374476818558e-01 -8.997400914791506832e-01
-9.001543043928968979e-01 -8.997325393780324365e-01
-9.001584687947619123e-01 -8.997248143907523588e-01
-9.001627334095226862e-01 -8.997169116534267097e-01
-9.001671010521176131e-01 -8.997088261827673739e-01
-9.001715745983120964e-01 -8.997005528732234803e-01
-9.001761569868540480e-01 -8.996920864940227691e-01
-9.001808512216422642e-01 -8.996834216861150368e-01
-9.001856603739259999e-01 -8.996745529590133295e-01
-9.001905875845266358e-01 -8.996654746875346609e-01
-9.001956360660865464e-01 -8.996561811084380356e-01
-9.002008091053486094e-01 -8.996466663169604416e-01
-9.002061100654692449e-01 -8.996369242632440422e-01
-9.002115423883683132e-01 -8.996269487486603378e-01
-9.002171095971139847e-01 -8.996167334220251943e-01
-9.002228152983453580e-01 -8.996062717757062899e-01
-9.002286631847430387e-01 -8.995955571416154317e-01
-9.002346570375363566e-01 -8.995845826870911832e-01
-9.002408007290622072e-01 -8.995733414106651393e-01
-9.002470982253729659e-01 -8.995618261377085201e-01
-9.002535535888904761e-01 -8.995500295159660764e-01
-9.002601709811156594e-01 -8.995379440109587676e-01
-9.002669546653935262e-01 -8.995255619012698656e-01
-9.002739090097335861e-01 -8.995128752736976097e-01
-9.002810384896916540e-01 -8.994998760182872921e-01
-9.002883476913103866e-01 -8.994865558232203462e-01
-9.002958413141266547e-01 -8.994729061695772021e-01
-9.003035241742427530e-01 -8.994589183259544818e-01
-9.003114012074669992e-01 -8.994445833429471904e-01
-9.003194774725236105e-01 -8.994298920474836923e-01
-9.003277581543328578e-01 -8.994148350370085865e-01
-9.003362485673742643e-01 -8.993994026735234737e-01
-9.003449541591175276e-01 -8.993835850774652974e-01
-9.003538805135358203e-01 -8.993673721214286987e-01
-9.003630333547052444e-01 -8.993507534237249468e-01
-9.003724185504843325e-01 -8.993337183417754455e-01
-9.003820421162784804e-01 -8.993162559653358201e-01
-9.003919102188990831e-01 -8.992983551095439232e-01
-9.004020291805081566e-01 -8.992800043077887606e-01
-9.004124054826643242e-01 -8.992611918043977859e-01
-9.004230457704565094e-01 -8.992419055471354561e-01
-9.004339568567438779e-01 -8.992221331795111627e-01
-9.004451457264943670e-01 -8.992018620328869893e-01
-9.004566195412302410e-01 -8.991810791183845186e-01
-9.004683856435764522e-01 -8.991597711185863595e-01
-9.004804515619231342e-01 -8.991379243790241782e-01
-9.004928250152000047e-01 -8.991155248994477933e-01
-9.005055139177647883e-01 -8.990925583248734476e-01
-9.005185263844133203e-01 -8.990690099363995991e-01
-9.005318707355074448e-01 -8.990448646417916745e-01
-9.005455555022314762e-01 -8.990201069658270150e-01
-9.005595894319725625e-01 -8.989947210403890221e-01
-9.005739814938351628e-01 -8.989686905943110595e-01
-9.005887408842843112e-01 -8.989419989429603408e-01
-9.006038770329353182e-01 -8.989146289775558074e-01
-9.006193996084749243e-01 -8.988865631542157786e-01
-9.006353185247283344e-01 -8.988577834827204960e-01
-9.006516439468770230e-01 -8.988282715149928936e-01
-9.006683862978214217e-01 -8.987980083332847148e-01
-9.006855562647068103e-01 -8.987669745380558739e-01
-9.007031648055952022e-01 -8.987351502355510613e-01
-9.007212231563075377e-01 -8.987025150250573802e-01
-9.007397428374273041e-01 -8.986690479858323588e-01
-9.007587356614710217e-01 -8.986347276637050019e-01
-9.007782137402368106e-01 -8.985995320573285650e-01
-9.007981894923227095e-01 -8.985634386040868282e-01
-9.008186756508290705e-01 -8.985264241656381046e-01
-9.008396852712443614e-01 -8.984884650130916528e-01
-9.008612317395185975e-01 -8.984495368118028402e-01
-9.008833287803296175e-01 -8.984096146057843901e-01
-9.009059904655417617e-01 -8.983686728017149514e-01
-9.009292312228710520e-01 -8.983266851525435470e-01
-9.009530658447512108e-01 -8.982836247406726926e-01
-9.009775094974070697e-01 -8.982394639607118592e-01
-9.010025777301429173e-01 -8.981941745017932854e-01
-9.010282864848481177e-01 -8.981477273294321551e-01
-9.010546521057232194e-01 -8.981000926669300277e-01
-9.010816913492322167e-01 -8.980512399762945464e-01
-9.011094213942814068e-01 -8.980011379386798609e-01
-9.011378598526414985e-01 -8.979497544343228999e-01
-9.011670247795988686e-01 -8.978970565219703825e-01
-9.011969346848544005e-01 -8.978430104177770321e-01
-9.012276085436700113e-01 -8.977875814736712146e-01
-9.012590658082667572e-01 -8.977307341551608033e-01
-9.012913264194757357e-01 -8.976724320185789363e-01
-9.013244108186552195e-01 -8.976126376877445745e-01
-9.013583399598693591e-01 -8.975513128300300902e-01
-9.013931353223346710e-01 -8.974884181318183440e-01
-9.014288189231409731e-01 -8.974239132733312641e-01
-9.014654133302502093e-01 -8.973577569028190482e-01
-9.015029416757733838e-01 -8.972899066100891163e-01
-9.015414276695395968e-01 -8.972203188993596035e-01
-9.015808956129439666e-01 -8.971489491614259570e-01
-9.016213704130942030e-01 -8.970757516451101088e-01
-9.016628775972537202e-01 -8.970006794279883344e-01
-9.017054433275804026e-01 -8.969236843863674924e-01
-9.017490944161716815e-01 -8.968447171645064220e-01
-9.017938583404117026e-01 -8.967637271430393131e-01
-9.018397632586283574e-01 -8.966806624066090414e-01
-9.018868380260600670e-01 -8.965954697106672810e-01
-9.019351122111356478e-01 -8.965080944474326241e-01
-9.019846161120710359e-01 -8.964184806109852799e-01
-9.020353807737772067e-01 -8.963265707614704869e-01
-9.020874380050881713e-01 -8.962323059883938736e-01
-9.021408203963083849e-01 -8.961356258729861191e-01
-9.021955613370747917e-01 -8.960364684496062715e-01
-9.022516950345397246e-01 -8.959347701661719565e-01
-9.023092565318681091e-01 -8.958304658435779499e-01
-9.023682817270544110e-01 -8.957234886340961211e-01
-9.024288073920478936e-01 -8.956137699787085626e-01
-9.024908711921946214e-01 -8.955012395633681344e-01
-9.025545117059816658e-01 -8.953858252741486723e-01
-9.026197684450880665e-01 -8.952674531512587741e-01
-9.026866818747343313e-01 -8.951460473418981767e-01
-9.027552934343188173e-01 -8.950215300519139827e-01
-9.028256455583466566e-01 -8.948938214962441906e-01
-9.028977816976279103e-01 -8.947628398481044520e-01
-9.029717463407486155e-01 -8.946285011868950754e-01
-9.030475850357934098e-01 -8.944907194448002974e-01
-9.031253444123181762e-01 -8.943494063520363024e-01
-9.032050722035473989e-01 -8.942044713807232315e-01
-9.032868172687915642e-01 -8.940558216873506492e-01
-9.033706296160608495e-01 -8.939033620537941704e-01
-9.034565604248615545e-01 -8.937469948268563780e-01
-9.035446620691466313e-01 -8.935866198562902873e-01
-9.036349881404108775e-01 -8.934221344312731627e-01
-9.037275934708903780e-01 -8.932534332152932688e-01
-9.038225341568473237e-01 -8.930804081794097016e-01
-9.039198675819128947e-01 -8.929029485338495498e-01
-9.040196524404449097e-01 -8.927209406579008633e-01
-9.041219487608774807e-01 -8.925342680280690111e-01
-9.042268179290114949e-01 -8.923428111444388078e-01
-9.043343227112112803e-01 -8.921464474552223134e-01
-9.044445272774579436e-01 -8.919450512794344643e-01
-9.045574972242135248e-01 -8.917384937276611190e-01
-9.046732995970355740e-01 -8.915266426208752204e-01
-9.047920029128890818e-01 -8.913093624072557786e-01
-9.049136771820909253e-01 -8.910865140769599346e-01
-9.050383939298161096e-01 -8.908579550748170206e-01
-9.051662262171019657e-01 -8.906235392108803328e-01
-9.052972486612559377e-01 -8.903831165688020910e-01
-9.054315374555923501e-01 -8.901365334119809569e-01
-9.055691703884105603e-01 -8.898836320874303762e-01
-9.057102268610992546e-01 -8.896242509273243337e-01
-9.058547879052806229e-01 -8.893582241481672312e-01
-9.060029361988655161e-01 -8.890853817475394827e-01
-9.061547560809102286e-01 -8.888055493983700872e-01
-9.063103335651329084e-01 -8.885185483406814466e-01
-9.064697563519596990e-01 -8.882241952707612409e-01
-9.066331138389417399e-01 -8.879223022277029642e-01
-9.068004971293942562e-01 -8.876126764772693800e-01
-9.069719990390742170e-01 -8.872951203930248276e-01
-9.071477141007238121e-01 -8.869694313346805359e-01
-9.073277385662729122e-01 -8.866354015236087571e-01
-9.075121704065056694e-01 -8.862928179154665465e-01
-9.077011093079594417e-01 -8.859414620698841114e-01
-9.078946566668122387e-01 -8.855811100171524508e-01
-9.080929155795247620e-01 -8.852115321218773092e-01
-9.082959908299431673e-01 -8.848324929435393837e-01
-9.085039888725954249e-01 -8.844437510939032743e-01
-9.087170178118573194e-01 -8.840450590912393158e-01
-9.089351873766740031e-01 -8.836361632113003406e-01
-9.091586088904874963e-01 -8.832168033350089598e-01
-9.093873952359934343e-01 -8.827867127928095137e-01
-9.096216608143445903e-01 -8.823456182056358399e-01
-9.098615214983798438e-01 -8.818932393224542254e-01
-9.101070945794331735e-01 -8.814292888543415749e-01
-9.103584987072583790e-01 -8.809534723050571614e-01
-9.106158538225663790e-01 -8.804654877980679917e-01
-9.108792810816475072e-01 -8.799650258999979213e-01
-9.111489027725178103e-01 -8.794517694404653252e-01
-9.114248422219999313e-01 -8.789253933282829001e-01
-9.117072236930972018e-01 -8.783855643639922883e-01
-9.119961722720109076e-01 -8.778319410487128716e-01
-9.122918137440837461e-01 -8.772641733892894145e-01
-9.125942744579316201e-01 -8.766819026997204611e-01
-9.129036811769690729e-01 -8.760847613988671512e-01
-9.132201609175064627e-01 -8.754723728044324638e-01
-9.135438407725300358e-01 -8.748443509232222137e-01
-9.138748477202469633e-01 -8.742003002376896870e-01
-9.142133084164110191e-01 -8.735398154887867861e-01
-9.145593489694042733e-01 -8.728624814551416700e-01
-9.149130946969870060e-01 -8.721678727285977484e-01
-9.152746698635756406e-01 -8.714555534861508912e-01
-9.156441973968452164e-01 -8.707250772583374765e-01
-9.160217985824001818e-01 -8.699759866941297881e-01
-9.164075927351784667e-01 -8.692078133224097058e-01
-9.168016968462089356e-01 -8.684200773101014015e-01
-9.172042252032558407e-01 -8.676122872170537459e-01
-9.176152889838227189e-01 -8.667839397477766772e-01
-9.180349958189216730e-01 -8.659345195001526552e-01
-9.184634493259301591e-01 -8.650634987112530983e-01
-9.189007486087935606e-01 -8.641703370004019114e-01
-9.193469877237436805e-01 -8.632544811096594106e-01
-9.198022551086437737e-01 -8.623153646418943996e-01
-9.202666329739760398e-01 -8.613524077966505654e-01
-9.207401966534165538e-01 -8.603650171040084782e-01
-9.212230139118666727e-01 -8.593525851566928830e-01
-9.217151442087303526e-01 -8.583144903406723092e-01
-9.222166379141488735e-01 -8.572500965645193372e-01
-9.227275354758235348e-01 -8.561587529878416092e-01
-9.232478665340027035e-01 -8.550397937490943345e-01
-9.237776489821136749e-01 -8.538925376931238986e-01
-9.243168879704743990e-01 -8.527162880988120586e-01
-9.248655748504488461e-01 -8.515103324072113011e-01
-9.254236860563525013e-01 -8.502739419506029073e-01
-9.259911819223770602e-01 -8.490063716829276963e-01
-9.265680054317493308e-01 -8.477068599120636261e-01
-9.271540808953144808e-01 -8.463746280344721651e-01
-9.277493125567298771e-01 -8.450088802727550030e-01
-9.283535831214225764e-01 -8.436088034166947525e-01
-9.289667522065000460e-01 -8.421735665684019212e-01
-9.295886547088212382e-01 -8.407023208922100865e-01
-9.302190990884834365e-01 -8.391941993700089419e-01
-9.308578655650611156e-01 -8.376483165627467420e-01
-9.315047042240188757e-01 -8.360637683788711971e-01
-9.321593330308538539e-01 -8.344396318505219456e-01
-9.328214357506950938e-01 -8.327749649183417979e-01
-9.334906597712543386e-01 -8.310688062258181352e-01
-9.341666138272883835e-01 -8.293201749241226883e-01
-9.348488656250026896e-01 -8.275280704884763194e-01
-9.355369393651482568e-01 -8.256914725471293792e-01
-9.362303131639657661e-01 -8.238093407241203758e-01
-9.369284163715579927e-01 -8.218806144970423055e-01
-9.376306267877869693e-01 -8.199042130711395870e-01
-9.383362677763756876e-01 -8.178790352711468037e-01
-9.390446052785401676e-01 -8.158039594523875948e-01
-9.397548447282171313e-01 -8.136778434327586185e-01
-9.404661278717838524e-01 -8.114995244473606206e-01
-9.411775294960806892e-01 -8.092678191276886368e-01
-9.418880540695746539e-01 -8.069815235074458970e-01
-9.425966323026246929e-01 -8.046394130572410708e-01
-9.433021176340647962e-01 -8.022402427506345468e-01
-9.440032826526775223e-01 -7.997827471642473540e-01
-9.446988154636192236e-01 -7.972656406148956876e-01
-9.453873160114865115e-01 -7.946876173370488461e-01
-9.460672923734578799e-01 -7.920473517042166955e-01
-9.467371570378504408e-01 -7.893434984982977687e-01
-9.473952231854515516e-01 -7.865746932313251172e-01
-9.480397009931728070e-01 -7.837395525245594019e-01
-9.486686939818715913e-01 -7.808366745504098372e-01
-9.492801954326521852e-01 -7.778646395432861071e-01
-9.498720848985289233e-01 -7.748220103861509500e-01
-9.504421248410273027e-01 -7.717073332803054964e-01
-9.509879574241290046e-01 -7.685191385067432490e-01
-9.515071015008519373e-01 -7.652559412883281897e-01
-9.519969498307467859e-01 -7.619162427630153944e-01
-9.524547665696028176e-01 -7.584985310794076785e-01
-9.528776850757132433e-01 -7.550012826270440236e-01
-9.532627060800699104e-01 -7.514229634150673132e-01
-9.536066962708216188e-01 -7.477620306141457007e-01
-9.539063873451886222e-01 -7.440169342778809591e-01
-9.541583755847214965e-01 -7.401861192612823048e-01
-9.543591220122611407e-01 -7.362680273552981713e-01
-9.545049531911219409e-01 -7.322610996577653131e-01
-9.545920627288271287e-01 -7.281637792025094091e-01
-9.546165135490495279e-01 -7.239745138696250804e-01
-9.545742409962187924e-01 -7.196917596011499496e-01
-9.544610568373854687e-01 -7.153139839473893202e-01
-9.542726542253314737e-01 -7.108396699699719434e-01
-9.540046136854630765e-01 -7.062673205282804512e-01
-9.536524101865939684e-01 -7.015954629761159689e-01
-9.532114213522387969e-01 -6.968226542952599134e-01
-9.526769368643712710e-01 -6.919474866919193001e-01
-9.520441691056629185e-01 -6.869685936807553572e-01
-9.513082650789118633e-01 -6.818846566792871045e-01
-9.504643196336284294e-01 -6.766944121327644890e-01
-9.495073900195013517e-01 -6.713966591860881516e-01
-9.484325117746656986e-01 -6.659902679149303228e-01
-9.472347159433853747e-01 -6.604741881227814693e-01
-9.459090476028640948e-01 -6.548474587041965833e-01
-9.444505856625716733e-01 -6.491092175669697095e-01
-9.428544638817524248e-01 -6.432587120973342065e-01
-9.411158930318226368e-01 -6.372953101425620215e-01
-9.392301841103598559e-01 -6.312185114745684222e-01
-9.371927724926045755e-01 -6.250279596864012355e-01
-9.349992428850605330e-01 -6.187234544609110376e-01
-9.326453549243356456e-01 -6.123049641376510088e-01
-9.301270692431170550e-01 -6.057726384903022732e-01
-9.274405738046028747e-01 -5.991268216129713720e-01
-9.245823102873246269e-01 -5.923680647998200710e-01
-9.215490002845159179e-01 -5.854971392889958270e-01
-9.183376710666426579e-01 -5.785150487291583765e-01
-9.149456806428442057e-01 -5.714230412153538108e-01
-9.113707418474235045e-01 -5.642226207310974129e-01
-9.076109451716531940e-01 -5.569155578256199668e-01
-9.036647800594324043e-01 -5.495038993497691759e-01
-8.995311543881877592e-01 -5.419899770714128318e-01
-8.952094118640920861e-01 -5.343764149917202833e-01
-8.906993470734038132e-01 -5.266661351876766872e-01
-8.860012179495957430e-01 -5.188623620138269610e-01
-8.811157554388442392e-01 -5.109686245076874300e-01
-8.760441701742683884e-01 -5.029887568585242885e-01
-8.707881560016451639e-01 -4.949268968181741446e-01
-8.653498902357521505e-01 -4.867874819550928600e-01
-8.597320305663818107e-01 -4.785752436785111197e-01
-8.539377085756929553e-01 -4.702951989880493899e-01
-8.479705198731034566e-01 -4.619526399348192758e-01
-8.418345108994346182e-01 -4.535531208123004809e-01
-8.355341624975600734e-01 -4.451024431284241745e-01
-8.290743703913383555e-01 -4.366066384435419723e-01
-8.224604227572035464e-01 -4.280719491915441766e-01
-8.156979751124040501e-01 -4.195048076325166297e-01
-8.087930227797293092e-01 -4.109118131142402985e-01
-8.017518712197873043e-01 -4.022997078458312448e-01
-7.945811045478782253e-01 -3.936753514092852235e-01
-7.872875525727445201e-01 -3.850456942530925408e-01
-7.798782567085480455e-01 -3.764177504260204921e-01
-7.723604351192451256e-01 -3.677985698183672270e-01
-7.647414474560023656e-01 -3.591952101823294718e-01
-7.570287595436151484e-01 -3.506147092025670986e-01
-7.492299083613491728e-01 -3.420640568827963968e-01
-7.413524676476954678e-01 -3.335501685044860998e-01
-7.334040144377285131e-01 -3.250798583998897873e-01
-7.253920968168039440e-01 -3.166598147641714878e-01
-7.173242031459152734e-01 -3.082965757107988813e-01
-7.092077329829493682e-01 -2.999965067513010175e-01
-7.010499698911090150e-01 -2.917657798555188253e-01
-6.928580562917114882e-01 -2.836103542222432883e-01
-6.846389704841544521e-01 -2.755359588632774748e-01
-6.763995059217983163e-01 -2.675480770770306549e-01
-6.681462527994397327e-01 -2.596519328613247080e-01
-6.598855819765616637e-01 -2.518524792896367770e-01
-6.516236312310492718e-01 -2.441543888509421223e-01
-6.433662938109970808e-01 -2.365620457310059765e-01
-6.351192092278525880e-01 -2.290795399926811027e-01
-6.268877562126569103e-01 -2.217106635946887172e-01
-6.186770477386727141e-01 -2.144589081726397672e-01
-6.104919279982624625e-01 -2.073274644927390609e-01
-6.023369712094706063e-01 -2.003192234777169123e-01
-5.942164821182571721e-01 -1.934367786959998725e-01
-5.861344980556090212e-01 -1.866824301988566637e-01
-5.780947924046124786e-01 -1.800581895861259885e-01
-5.701008793308003364e-01 -1.735657861789592915e-01
-5.621560196294395073e-01 -1.672066741776340182e-01
-5.542632275456791380e-01 -1.609820406836995343e-01
-5.464252784273272434e-01 -1.548928144683135166e-01
-5.386447170752813873e-01 -1.489396753724049338e-01
-5.309238666629993997e-01 -1.431230642290555466e-01
-5.232648381036530960e-01 -1.374431932040418303e-01
-5.156695397515472790e-01 -1.319000564566365774e-01
-5.081396873327941321e-01 -1.264934410293662437e-01
-5.006768140089310481e-01 -1.212229378823125592e-01
-4.932822804859924304e-01 -1.160879529945864075e-01
-4.859572850903762786e-01 -1.110877184626855585e-01
-4.787028737415175428e-01 -1.062213035324585664e-01
-4.715199497598407952e-01 -1.014876255082597656e-01
-4.644092834565957673e-01 -9.688546048951662826e-02
-4.573715214599317069e-01 -9.241345389128914622e-02
-4.504071957388864900e-01 -8.807013071143285354e-02
-4.435167322938108891e-01 -8.385390551265525794e-02
-4.367004594881181978e-01 -7.976309209305404435e-02
-4.299586160020774095e-01 -7.579591282363389027e-02
-4.232913583947270908e-01 -7.195050763581260778e-02
-4.166987682648104485e-01 -6.822494264604621328e-02
-4.101808590059693449e-01 -6.461721840843587250e-02
-4.037375821552949273e-01 -6.112527778953807944e-02
-3.973688333377276005e-01 -5.774701346259607238e-02
-3.910744578117640313e-01 -5.448027502106808639e-02
-3.848542556244730073e-01 -5.132287571365827528e-02
-3.787079863859932338e-01 -4.827259880508782963e-02
-3.726353736754918211e-01 -4.532720356859210736e-02
-3.666361090920461918e-01 -4.248443091761962970e-02
-3.607098559650917524e-01 -3.974200868546019089e-02
-3.548562527399878874e-01 -3.709765656256440447e-02
-3.490749160549177499e-01 -3.454909070215509553e-02
-3.433654435257810777e-01 -3.209402800539179479e-02
-3.377274162559861237e-01 -2.973019009785252478e-02
-3.321604010881215041e-01 -2.745530700945765165e-02
-3.266639526144156092e-01 -2.526712057019740026e-02
-3.212376149626837152e-01 -2.316338753415101565e-02
-3.158809233741428635e-01 -2.114188244431598057e-02
-3.105934055890671730e-01 -1.920040025071366105e-02
-3.053745830557629271e-01 -1.733675869411381576e-02
-3.002239719777836657e-01 -1.554880046753617795e-02
-2.951410842137088819e-01 -1.383439516745181910e-02
-2.901254280431533883e-01 -1.219144104632897442e-02
-2.851765088120065683e-01 -1.061786657785578937e-02
-2.802938294692062238e-01 -9.111631845831693124e-03
-2.754768910066408560e-01 -7.670729767357350667e-03
-2.707251928130733343e-01 -6.293187160574990370e-03
-2.660382329522625322e-01 -4.977065666820868622e-03
-2.614155083747693453e-01 -3.720462536654993782e-03
-2.568565150722387780e-01 -2.521511288832085137e-03
-2.523607481822851550e-01 -1.378382250876687524e-03
-2.479277020514552010e-01 -2.892829895257787798e-04
-2.435568702631139282e-01 7.475413610926165322e-04
-2.392477456364988653e-01 1.733807866065165517e-03
-2.349998202026072902e-01 2.671195643984509722e-03
-2.308125851620330404e-01 3.561345802199169120e-03
-2.266855308293496407e-01 4.405861446656674819e-03
-2.226181465681429106e-01 5.206307760325149490e-03
-2.186099207203313077e-01 5.964212144517434463e-03
-2.146603405329823577e-01 6.681064417768610951e-03
-2.107688920854259018e-01 7.358317067232122283e-03
-2.069350602190860311e-01 7.997385547861248639e-03
-2.031583284721098503e-01 8.599648624931706745e-03
-1.994381790205420335e-01 9.166448755737221718e-03
-1.957740926275054749e-01 9.699092506553624871e-03
-1.921655486015690639e-01 1.019885100121793731e-02
-1.886120247652448012e-01 1.066696039790796142e-02
-1.851129974343255769e-01 1.110462239093460736e-02
-1.816679414085776711e-01 1.151300473457454732e-02
-1.782763299741164098e-01 1.189324178617450975e-02
-1.749376349176349765e-01 1.224643506595162259e-02
-1.716513265525093646e-01 1.257365383109630523e-02
-1.684168737566785756e-01 1.287593566195659872e-02
-1.652337440220861819e-01 1.315428705824487482e-02
-1.621014035153761079e-01 1.340968404336102295e-02
-1.590193171494500846e-01 1.364307277506993793e-02
-1.559869486654299475e-01 1.385537016090665312e-02
-1.530037607245046949e-01 1.404746447680953365e-02
-1.500692150091003374e-01 1.422021598760138741e-02
-1.471827723327706616e-01 1.437445756805012104e-02
-1.443438927581798259e-01 1.451099532334582110e-02
-1.415520357225269477e-01 1.463060920792912632e-02
-1.388066601697511837e-01 1.473405364169778561e-02
-1.361072246888479498e-01 1.482205812270436657e-02
-1.334531876576263154e-01 1.489532783553827733e-02
-1.308440073912429946e-01 1.495454425466040752e-02
-1.282791422948560411e-01 1.500036574202854786e-02
-1.257580510197539303e-01 1.503342813841714205e-02
-1.232801926223330152e-01 1.505434534789565869e-02
-1.208450267253129568e-01 1.506370991498646138e-02
-1.184520136806030133e-01 1.506209359407579759e-02
-1.161006147332541705e-01 1.505004791070045818e-02
-1.137902921859564320e-01 1.502810471437814044e-02
-1.115205095635677379e-01 1.499677672269186628e-02
-1.092907317771868309e-01 1.495655805637794052e-02
-1.071004252873102441e-01 1.490792476520313992e-02
-1.049490582656419924e-01 1.485133534445074940e-02
-1.028361007551522738e-01 1.478723124186589501e-02
-1.007610248280081944e-01 1.471603735493950266e-02
-9.872330474103084563e-02 1.463816251843687993e-02
-9.672241708835650764e-02 1.455399998210122128e-02
-9.475784095100994731e-02 1.446392787848506216e-02
-9.282905804312167886e-02 1.436830968088359355e-02
-9.093555285454908710e-02 1.426749465136251810e-02
-8.907681278968365701e-02 1.416181827889107479e-02
-8.725232830225351788e-02 1.405160270760664673e-02
-8.546159302595002227e-02 1.393715715525217433e-02
-8.370410390073279583e-02 1.381877832184096391e-02
-8.197936129468649802e-02 1.369675078861593356e-02
-8.028686912132337872e-02 1.357134740738102918e-02
-7.862613495224486659e-02 1.344282968029317585e-02
-7.699667012509400776e-02 1.331144813021170083e-02
-7.539798984674611626e-02 1.317744266171088328e-02
-7.382961329170330267e-02 1.304104291286831141e-02
-7.229106369567132873e-02 1.290246859794843930e-02
-7.078186844431266778e-02 1.276192984110670683e-02
-6.930155915718272386e-02 1.261962750124467902e-02
-6.784967176686740320e-02 1.247575348815114019e-02
-6.642574659335222231e-02 1.233049107006836502e-02
-6.502932841366348971e-02 1.218401517282578957e-02
-6.365996652683081347e-02 1.203649267068667567e-02
-6.231721481422999170e-02 1.188808266905548409e-02
-6.100063179537214275e-02 1.173893677919588679e-02
-5.970978067921269700e-02 1.158919938511087863e-02
-5.844422941106004743e-02 1.143900790273775538e-02
-5.720355071516921436e-02 1.128849303161159889e-02
-5.598732213311134742e-02 1.113777899915143789e-02
-5.479512605801380859e-02 1.098698379772364460e-02
-5.362654976476989577e-02 1.083621941463706537e-02
-5.248118543632022959e-02 1.068559205522412112e-02
-5.135863018611075415e-02 1.053520235916173900e-02
-5.025848607683481434e-02 1.038514561018518897e-02
-4.918036013556784797e-02 1.023551193934706116e-02
-4.812386436540606188e-02 1.008638652197258595e-02
-4.708861575371988545e-02 9.937849768461237687e-03
-4.607423627713488901e-02 9.789977509083220078e-03
-4.508035290335250106e-02 9.642841172917887560e-03
-4.410659758992337143e-02 9.496507961079606042e-03
-4.315260728008548513e-02 9.351041014374752297e-03
-4.221802389577884035e-02 9.206499575531676069e-03
-4.130249432794795561e-02 9.062939146143738495e-03
-4.040567042424197258e-02 8.920411638463158696e-03
-3.952720897422137836e-02 8.778965522181795753e-03
-3.866677169217885845e-02 8.638645966332434561e-03
-3.782402519768021665e-02 8.499494976442206404e-03
-3.699864099392961847e-02 8.361551527067478257e-03
-3.619029544406190263e-02 8.224851689837256799e-03
-3.539866974546210243e-02 8.089428757129859746e-03
-3.462344990221143115e-02 7.955313361505296499e-03
-3.386432669575564769e-02 7.822533591013407922e-03
-3.312099565389054617e-02 7.691115100495513057e-03
-3.239315701815641269e-02 7.561081218994839502e-03
-3.168051570973152986e-02 7.432453053388762484e-03
-3.098278129391216287e-02 7.305249588353358858e-03
-3.029966794326416010e-02 7.179487782768519295e-03
-2.963089439952904663e-02 7.055182662669377824e-03
-2.897618393436525441e-02 6.932347410847578342e-03
-2.833526430900200690e-02 6.810993453203425738e-03
-2.770786773288219651e-02 6.691130541947677701e-03
-2.709373082136696739e-02 6.572766835749456471e-03
-2.649259455257318985e-02 6.455908976924391862e-03
-2.590420422341242410e-02 6.340562165754860466e-03
-2.532830940489728261e-02 6.226730232031940301e-03
-2.476466389677937918e-02 6.114415703906436392e-03
-2.421302568158042318e-02 6.003619874134202491e-03
-2.367315687807565114e-02 5.894342863798722118e-03
-2.314482369428687986e-02 5.786583683591831236e-03
-2.262779638004011259e-02 5.680340292731372864e-03
-2.212184917914048268e-02 5.575609655592395075e-03
-2.162676028121526123e-02 5.472387796126633799e-03
-2.114231177327352898e-02 5.370669850142797096e-03
-2.066828959102925273e-02 5.270450115518370351e-03
-2.020448347003226883e-02 5.171722100411673892e-03
-1.975068689665012214e-02 5.074478569540913017e-03
-1.930669705894135293e-02 4.978711588595231829e-03
-1.887231479745958562e-02 4.884412566840841061e-03
-1.844734455602531700e-02 4.791572297983537169e-03
-1.803159433250122595e-02 4.700180999347223013e-03
-1.762487562960464091e-02 4.610228349426186839e-03
-1.722700340578944139e-02 4.521703523867343782e-03
-1.683779602622795246e-02 4.434595229936961341e-03
-1.645707521392192341e-02 4.348891739524678168e-03
-1.608466600097016586e-02 4.264580920736252452e-03
-1.572039668001894153e-02 4.181650268124720640e-03
-1.536409875591977781e-02 4.100086931608288091e-03
-1.501560689761823053e-02 4.019877744121760563e-03
-1.467475889029542201e-02 3.941009248046885641e-03
-1.434139558778333573e-02 3.863467720465584964e-03
-1.401536086527337133e-02 3.787239197278703760e-03
-1.369650157233646970e-02 3.712309496231545446e-03
-1.338466748627218858e-02 3.638664238886237402e-03
-1.307971126580281633e-02 3.566288871579590108e-03
-1.278148840512758830e-02 3.495168685404013813e-03
-1.248985718835122008e-02 3.425288835247775748e-03
-1.220467864429971259e-02 3.356634357929744270e-03
-1.192581650173573857e-02 3.289190189462642619e-03
-1.165313714498480459e-02 3.222941181477679239e-03
-1.138650956998257108e-02 3.157872116842464893e-03
-1.112580534075301511e-02 3.093967724502920749e-03
-1.087089854632608890e-02 3.031212693579019013e-03
-1.062166575810295777e-02 2.969591686743112188e-03
-1.037798598767608084e-02 2.909089352908704983e-03
-1.013974064511070743e-02 2.849690339256548410e-03
-9.906813497693687035e-03 2.791379302624076054e-03
-9.679090629154913500e-03 2.734140920283291767e-03
-9.456460399365953368e-03 2.677959900131371505e-03
-9.238813404520082595e-03 2.622820990317437095e-03
-9.026042437797060503e-03 2.568708988328114503e-03
-8.818042450515749600e-03 2.515608749553756643e-03
-8.614710513776989084e-03 2.463505195356424995e-03
-8.415945780598746429e-03 2.412383320659993065e-03
-8.221649448545007705e-03 2.362228201082044315e-03
-8.031724722849560225e-03 2.313024999626519477e-03
-7.846076780035276393e-03 2.264758972955419319e-03
-7.664612732029226633e-03 2.217415477257236259e-03
-7.487241590773436629e-03 2.170979973729098185e-03
-7.313874233330953240e-03 2.125438033689085703e-03
-7.144423367486293572e-03 2.080775343334537869e-03
-6.978803497839239020e-03 2.036977708161593313e-03
-6.816930892390523147e-03 1.994031057060697155e-03
-6.658723549617752424e-03 1.951921446102229066e-03
-6.504101166039508511e-03 1.910635062025919928e-03
-6.352985104265514854e-03 1.870158225447202593e-03
-6.205298361530295868e-03 1.830477393793173042e-03
-6.060965538707724885e-03 1.791579163980362233e-03
-5.919912809803513573e-03 1.753450274846066193e-03
-5.782067891922567163e-03 1.716077609344534129e-03
-5.647360015707917312e-03 1.679448196518920113e-03
-5.515719896247799590e-03 1.643549213259450255e-03
-5.387079704447224858e-03 1.608367985857890635e-03
-5.261373038860321823e-03 1.573891991368017197e-03
-5.138534897979521628e-03 1.540108858781395491e-03
-5.018501652977572051e-03 1.507006370027442902e-03
-4.901211020898221457e-03 1.474572460806403184e-03
-4.786602038291308536e-03 1.442795221263486237e-03
-4.674615035287921910e-03 1.411662896512166747e-03
-4.565191610111150530e-03 1.381163887014270116e-03
-4.458274604017908524e-03 1.351286748824200717e-03
-4.353808076667228799e-03 1.322020193704363453e-03
-4.251737281910311292e-03 1.293353089118559444e-03
-4.152008643997632566e-03 1.265274458109852613e-03
-4.054569734198298567e-03 1.237773479069154527e-03
-3.959369247826787647e-03 1.210839485400514066e-03
-3.866356981672221856e-03 1.184461965088855337e-03
-3.775483811825230789e-03 1.158630560175677665e-03
-3.686701671897463575e-03 1.133335066147995139e-03
-3.599963531628780355e-03 1.108565431245583672e-03
-3.515223375877102058e-03 1.084311755691385465e-03
-3.432436183985945917e-03 1.060564290849720778e-03
-3.351557909524593027e-03 1.037313438316755931e-03
-3.272545460395878073e-03 1.014549748947498210e-03
-3.195356679306561414e-03 9.922639218233858093e-04
-3.119950324595274077e-03 9.704468031643913566e-04
-3.046286051412986327e-03 9.490893851893586735e-04
-2.974324393251025472e-03 9.281828049281575996e-04
-2.904026743811592270e-03 9.077183429890605055e-04
-2.835355339215829811e-03 8.876874222846077404e-04
-2.768273240544480082e-03 8.680816067190774699e-04
-2.702744316706139592e-03 8.488925998405302906e-04
-2.638733227628243822e-03 8.301122434602758483e-04
-2.576205407765854750e-03 8.117325162424635044e-04
-2.515127049923386853e-03 7.937455322663829844e-04
-2.455465089384446017e-03 7.761435395639388560e-04
-2.397187188344967503e-03 7.589189186346404978e-04
-2.340261720644880306e-03 7.420641809403440495e-04
-2.284657756793579894e-03 7.255719673818724659e-04
-2.230345049284500857e-03 7.094350467595322406e-04
-2.177294018194129988e-03 6.936463142194522350e-04
-2.125475737060864966e-03 6.781987896875696495e-04
-2.074861919039122475e-03 6.630856162929930908e-04
-2.025424903324177673e-03 6.483000587823932155e-04
-1.977137641843257701e-03 6.338355019269749369e-04
-1.929973686208424043e-03 6.196854489235078785e-04
-1.883907174926892835e-03 6.058435197908186836e-04
-1.838912820864397561e-03 5.923034497630578219e-04
-1.794965898957340353e-03 5.790590876809959681e-04
-1.752042234169460828e-03 5.661043943825268526e-04
-1.710118189688826984e-03 5.534334410934836634e-04
-1.669170655361001563e-03 5.410404078198208927e-04
-1.629177036354290120e-03 5.289195817421386012e-04
-1.590115242053010032e-03 5.170653556134772880e-04
-1.551963675174808377e-03 5.054722261612473646e-04
-1.514701221108056802e-03 4.941347924941028079e-04
-1.478307237465453002e-03 4.830477545145170663e-04
-1.442761543849982279e-03 4.722059113377677928e-04
-1.408044411829448370e-03 4.616041597179881915e-04
-1.374136555115846280e-03 4.512374924818920215e-04
-1.341019119945892346e-03 4.411009969707384835e-04
-1.308673675659078380e-03 4.311898534910598986e-04
-1.277082205469685450e-03 4.214993337746276579e-04
-1.246227097429217830e-03 4.120247994480984708e-04
-1.216091135575805013e-03 4.027617005127393564e-04
-1.186657491267140065e-03 3.937055738345961045e-04
-1.157909714693591786e-03 3.848520416454311163e-04
-1.129831726568187103e-03 3.761968100547258536e-04
-1.102407809990190498e-03 3.677356675730059370e-04
-1.075622602479080333e-03 3.594644836467205859e-04
-1.049461088175766398e-03 3.513792072048705284e-04
-1.023908590207937017e-03 3.434758652175575258e-04
-9.989507632164906260e-04 3.357505612665924498e-04
-9.745735860400455471e-04 3.281994741282784605e-04
-9.507633545545779484e-04 3.208188563684533133e-04
-9.275066746652891637e-04 3.136050329498569307e-04
-9.047904554478499416e-04 3.065543998518583356e-04
-8.826019024362244912e-04 2.996634227025592959e-04
-8.609285110543253312e-04 2.929286354232647576e-04
-8.397580601887923374e-04 2.863466388852915529e-04
-8.190786059002527070e-04 2.799140995790641009e-04
-7.988784752704556312e-04 2.736277482954260309e-04
-7.791462603827239378e-04 2.674843788190760588e-04
-7.598708124332254586e-04 2.614808466340210521e-04
-7.410412359705950691e-04 2.556140676409138484e-04
-7.226468832615053507e-04 2.498810168861343925e-04
-7.046773487798198201e-04 2.442787273024478218e-04
-6.871224638170046316e-04 2.388042884610594679e-04
-6.699722912115397069e-04 2.334548453348714563e-04
-6.532171201950920424e-04 2.282275970727285885e-04
-6.368474613532825726e-04 2.231197957844228443e-04
-6.208540416989033386e-04 2.181287453362164069e-04
-6.052277998554999325e-04 2.132518001566230024e-04
-5.899598813492751715e-04 2.084863640521753372e-04
-5.750416340073109377e-04 2.038298890328928115e-04
-5.604646034601497902e-04 1.992798741471459045e-04
-5.462205287468291284e-04 1.948338643256054955e-04
-5.323013380204909360e-04 1.904894492339469561e-04
-5.186991443527416354e-04 1.862442621339668641e-04
-5.054062416349800564e-04 1.820959787527587554e-04
-4.924151005749464365e-04 1.780423161595776581e-04
-4.797183647867934542e-04 1.740810316500139110e-04
-4.673088469730228502e-04 1.702099216370811020e-04
-4.551795251966630693e-04 1.664268205488090300e-04
-4.433235392421184303e-04 1.627295997319244344e-04
-4.317341870631487407e-04 1.591161663611839966e-04
-4.204049213164861372e-04 1.555844623539132999e-04
-4.093293459796342620e-04 1.521324632892934571e-04
-3.985012130514327768e-04 1.487581773319217174e-04
-3.879144193340146145e-04 1.454596441591613594e-04
-3.775630032948190922e-04 1.422349338917804301e-04
-3.674411420073643987e-04 1.390821460273678313e-04
-3.575431481695255740e-04 1.359994083760001000e-04
-3.478634671980980930e-04 1.329848759976183558e-04
-3.383966743984670607e-04 1.300367301405615228e-04
-3.291374722082497325e-04 1.271531771806870808e-04
-3.200806875138025465e-04 1.243324475604961525e-04
-3.112212690385354622e-04 1.215727947276653979e-04
-3.025542848020101178e-04 1.188724940723713633e-04
-2.940749196488352921e-04 1.162298418627799015e-04
-2.857784728464161429e-04 1.136431541780549761e-04
-2.776603557506480101e-04 1.111107658382267635e-04
-2.697160895386866092e-04 1.086310293302412765e-04
-2.619413030079639532e-04 1.062023137294969819e-04
-2.543317304406597819e-04 1.038230036161560385e-04
-2.468832095328726481e-04 1.014914979855011237e-04
-2.395916793877796939e-04 9.920620915158817762e-05
-2.324531785721075999e-04 9.696556164342723188e-05
-2.254638432352793105e-04 9.476799109290625321e-05
-2.186199052906390042e-04 9.261194311364780412e-05
-2.119176906581985440e-04 9.049587216997268403e-05
-2.053536175683852623e-04 8.841824043511987226e-05
-1.989241949263152232e-04 8.637751663785181975e-05
-1.926260207361510184e-04 8.437217489655029741e-05
-1.864557805851482254e-04 8.240069353988567448e-05
-1.804102461870313073e-04 8.046155391311715708e-05
-1.744862739843840182e-04 7.855323916905728528e-05
-1.686808038097783319e-04 7.667423304270796580e-05
-1.629908576054089257e-04 7.482301860854882291e-05
-1.574135382010417763e-04 7.299807701943097514e-05
-1.519460281501284126e-04 7.119788622600050612e-05
-1.465855886239808765e-04 6.942091967554814215e-05
-1.413295583639443971e-04 6.766564498914931264e-05
-1.361753526915520870e-04 6.593052261592881867e-05
-1.311204625766864600e-04 6.421400446325163257e-05
-1.261624537638230141e-04 6.251453250160786314e-05
-1.212989659564724055e-04 6.083053734292507761e-05
-1.165277120599880848e-04 5.916043679100638876e-05
-1.118464774829519939e-04 5.750263436275467391e-05
-1.072531194973995358e-04 5.585551777880586700e-05
-1.027455666581950642e-04 5.421745742215502360e-05
-9.832181828191711558e-05 5.258680476331709677e-05
-9.397994398566631693e-05 5.096189075052359556e-05
-8.971808328625836674e-05 4.934102416341187272e-05
-8.553444526031829206e-05 4.772248992861888881e-05
-8.142730826584656991e-05 4.610454739564535666e-05
-7.739501972588168127e-05 4.448542857130732023e-05
-7.343599597494072202e-05 4.286333631104341909e-05
-6.954872216897634474e-05 4.123644246529398037e-05
-6.573175225964751633e-05 3.960288597911550986e-05
-6.198370903376073304e-05 3.796077094313925914e-05
-5.830328421880056787e-05 3.630816459392566611e-05
-5.468923865553006891e-05 3.464309526170819667e-05
-5.114040253870618627e-05 3.296355026345948181e-05
-4.765567572702125699e-05 3.126747373915001778e-05
-4.423402812344814732e-05 2.955276442900515315e-05
-4.087450012723658295e-05 2.781727338949960837e-05
-3.757620315887766772e-05 2.605880164575908911e-05
-3.433832025942714798e-05 2.427509777796810252e-05
-3.116010676565144109e-05 2.246385543930877655e-05
-2.804089106253713354e-05 2.062271080287969701e-05
-2.498007541478297427e-05 1.874923993496531793e-05
-2.197713687897336556e-05 1.684095609194460972e-05
-1.903162829821505826e-05 1.489530693804467665e-05
-1.614317938110375257e-05 1.290967168105753250e-05
-1.331149786697395071e-05 1.088135812304914098e-05
-1.053637077947525030e-05 8.807599622997280359e-06
-7.817665770610159176e-06 6.685551968199085174e-06
-5.155332557463128656e-06 4.512290151190587852e-06
-2.549404453947862960e-06 2.284805048818603788e-06
