-9.000032476731617548e-01 -8.999967523054754892e-01
-9.000063350433527010e-01 -8.999933401454504045e-01
-9.000092741133234320e-01 -8.999897713563869139e-01
-9.000120761719939688e-01 -8.999860530555826577e-01
-9.000147518398744495e-01 -8.999821916839174651e-01
-9.000173111116996916e-01 -8.999781930458086165e-01
-9.000197633964553967e-01 -8.999740623465521949e-01
-9.000221175549542041e-01 -8.999698042272049614e-01
-9.000243819351163577e-01 -8.999654227971620735e-01
-9.000265644050930991e-01 -8.999609216645581000e-01
-9.000286723843720083e-01 -8.999563039646487628e-01
-9.000307128729820860e-01 -8.999515723862654415e-01
-9.000326924789288086e-01 -8.999467291964906579e-01
-9.000346174439526337e-01 -8.999417762636335860e-01
-9.000364936677323069e-01 -8.999367150786292679e-01
-9.000383267306204527e-01 -8.999315467749475772e-01
-9.000401219149967158e-01 -8.999262721471013027e-01
-9.000418842253455898e-01 -8.999208916678428372e-01
-9.000436184071163304e-01 -8.999154055041234113e-01
-9.000453289644514410e-01 -8.999098135318870373e-01
-9.000470201768621115e-01 -8.999041153497765455e-01
-9.000486961148952414e-01 -8.998983102918048926e-01
-9.000503606548768687e-01 -8.998923974390643510e-01
-9.000520174927831851e-01 -8.998863756305194306e-01
-9.000536701572879883e-01 -8.998802434729471500e-01
-9.000553220220441908e-01 -8.998739993500621814e-01
-9.000569763172519000e-01 -8.998676414308879323e-01
-9.000586361405460423e-01 -8.998611676774030954e-01
-9.000603044672618180e-01 -8.998545758515135162e-01
-9.000619841601052995e-01 -8.998478635213853494e-01
-9.000636779782740238e-01 -8.998410280671711448e-01
-9.000653885860621095e-01 -8.998340666861703863e-01
-9.000671185609823155e-01 -8.998269763974471314e-01
-9.000688704014316865e-01 -8.998197540459368371e-01
-9.000706465339400886e-01 -8.998123963060732367e-01
-9.000724493200223941e-01 -8.998048996849518089e-01
-9.000742810626602974e-01 -8.997972605250670330e-01
-9.000761440124405155e-01 -8.997894750066278702e-01
-9.000780403733700252e-01 -8.997815391494863313e-01
-9.000799723083923176e-01 -8.997734488146946763e-01
-9.000819419446246528e-01 -8.997651997057014572e-01
-9.000839513783290835e-01 -8.997567873692132734e-01
-9.000860026796471125e-01 -8.997482071957314531e-01
-9.000880978971035340e-01 -8.997394544197789834e-01
-9.000902390618994442e-01 -8.997305241198303438e-01
-9.000924281920128500e-01 -8.997214112179587886e-01
-9.000946672961138706e-01 -8.997121104792100699e-01
-9.000969583773128502e-01 -8.997026165107089302e-01
-9.000993034367532619e-01 -8.996929237605181262e-01
-9.001017044770567299e-01 -8.996830265162498730e-01
-9.001041635056415968e-01 -8.996729189034390339e-01
-9.001066825379077097e-01 -8.996625948836897146e-01
-9.001092636003197311e-01 -8.996520482525955931e-01
-9.001119087333773194e-01 -8.996412726374456437e-01
-9.001146199944907167e-01 -8.996302614947174758e-01
-9.001173994607790663e-01 -8.996190081073613953e-01
-9.001202492317731396e-01 -8.996075055818854027e-01
-9.001231714320603317e-01 -8.995957468452397965e-01
-9.001261682138573805e-01 -8.995837246415040456e-01
-9.001292417595272433e-01 -8.995714315283844797e-01
-9.001323942840424586e-01 -8.995588598735190233e-01
-9.001356280373983276e-01 -8.995460018505956334e-01
-9.001389453069970070e-01 -8.995328494352824444e-01
-9.001423484199816416e-01 -8.995193944009732823e-01
-9.001458397455525118e-01 -8.995056283143485487e-01
-9.001494216972505402e-01 -8.994915425307505874e-01
-9.001530967352182611e-01 -8.994771281893789716e-01
-9.001568673684537947e-01 -8.994623762082990526e-01
-9.001607361570430621e-01 -8.994472772792660997e-01
-9.001647057143854491e-01 -8.994318218623661432e-01
-9.001687787094199145e-01 -8.994160001804700766e-01
-9.001729578688452138e-01 -8.993998022135010206e-01
-9.001772459793434544e-01 -8.993832176925129485e-01
-9.001816458898118656e-01 -8.993662360935780198e-01
-9.001861605136018962e-01 -8.993488466314821794e-01
-9.001907928307708584e-01 -8.993310382532306857e-01
-9.001955458903500018e-01 -8.993127996313465822e-01
-9.002004228126311292e-01 -8.992941191569803205e-01
-9.002054267914713082e-01 -8.992749849328094403e-01
-9.002105610966267824e-01 -8.992553847657358546e-01
-9.002158290761086423e-01 -8.992353061593734154e-01
-9.002212341585698052e-01 -8.992147363063229815e-01
-9.002267798557238576e-01 -8.991936620802303270e-01
-9.002324697647982044e-01 -8.991720700276221168e-01
-9.002383075710240767e-01 -8.991499463595241659e-01
-9.002442970501618458e-01 -8.991272769428417799e-01
-9.002504420710725208e-01 -8.991040472915126092e-01
-9.002567465983341011e-01 -8.990802425574182521e-01
-9.002632146948952307e-01 -8.990558475210572720e-01
-9.002698505247872518e-01 -8.990308465819609740e-01
-9.002766583558786673e-01 -8.990052237488634912e-01
-9.002836425626875583e-01 -8.989789626296105229e-01
-9.002908076292444051e-01 -8.989520464207992889e-01
-9.002981581520147492e-01 -8.989244578971522515e-01
-9.003056988428790319e-01 -8.988961794006091743e-01
-9.003134345321729404e-01 -8.988671928291378510e-01
-9.003213701717925899e-01 -8.988374796252562859e-01
-9.003295108383650991e-01 -8.988070207642515630e-01
-9.003378617364841130e-01 -8.987757967421001748e-01
-9.003464282020148257e-01 -8.987437875630774897e-01
-9.003552157054719451e-01 -8.987109727270412574e-01
-9.003642298554705992e-01 -8.986773312163970351e-01
-9.003734764022529591e-01 -8.986428414827245525e-01
-9.003829612412893590e-01 -8.986074814330626825e-01
-9.003926904169642365e-01 -8.985712284158431373e-01
-9.004026701263407872e-01 -8.985340592064663401e-01
-9.004129067230081107e-01 -8.984959499925095905e-01
-9.004234067210166170e-01 -8.984568763585540907e-01
-9.004341767988977008e-01 -8.984168132706297216e-01
-9.004452238037816691e-01 -8.983757350602636915e-01
-9.004565547555968275e-01 -8.983336154081213998e-01
-9.004681768513675966e-01 -8.982904273272331874e-01
-9.004800974696124394e-01 -8.982461431457964274e-01
-9.004923241748328255e-01 -8.982007344895389656e-01
-9.005048647221071123e-01 -8.981541722636364744e-01
-9.005177270617870100e-01 -8.981064266341738378e-01
-9.005309193442939675e-01 -8.980574670091344691e-01
-9.005444499250294665e-01 -8.980072620189087917e-01
-9.005583273693851254e-01 -8.979557794963106687e-01
-9.005725604578703747e-01 -8.979029864560923446e-01
-9.005871581913471591e-01 -8.978488490739358063e-01
-9.006021297963842098e-01 -8.977933326649165657e-01
-9.006174847307246711e-01 -8.977364016614279851e-01
-9.006332326888726314e-01 -8.976780195905449400e-01
-9.006493836077992254e-01 -8.976181490508178262e-01
-9.006659476727741920e-01 -8.975567516884866981e-01
-9.006829353233165580e-01 -8.974937881730904454e-01
-9.007003572592741092e-01 -8.974292181724702333e-01
-9.007182244470319787e-01 -8.973630003271394484e-01
-9.007365481258478024e-01 -8.972950922240156002e-01
-9.007553398143156587e-01 -8.972254503694923056e-01
-9.007746113169690094e-01 -8.971540301618333713e-01
-9.007943747310098725e-01 -8.970807858628822018e-01
-9.008146424531812135e-01 -8.970056705690563348e-01
-9.008354271867695662e-01 -8.969286361816302122e-01
-9.008567419487460981e-01 -8.968496333762623340e-01
-9.008786000770497848e-01 -8.967686115717721229e-01
-9.009010152380081404e-01 -8.966855188981367464e-01
-9.009240014338939506e-01 -8.966003021636946846e-01
-9.009475730106353275e-01 -8.965129068215320629e-01
-9.009717446656539952e-01 -8.964232769350389818e-01
-9.009965314558496807e-01 -8.963313551426081993e-01
-9.010219488057311654e-01 -8.962370826214691721e-01
-9.010480125156826725e-01 -8.961403990506207062e-01
-9.010747387703730293e-01 -8.960412425728552233e-01
-9.011021441473074933e-01 -8.959395497558464427e-01
-9.011302456255170235e-01 -8.958352555522854921e-01
-9.011590605943863297e-01 -8.957282932590339142e-01
-9.011886068626187019e-01 -8.956185944752818040e-01
-9.012189026673366188e-01 -8.955060890596835410e-01
-9.012499666833129197e-01 -8.953907050864463590e-01
-9.012818180323324269e-01 -8.952723688003553226e-01
-9.013144762926819098e-01 -8.951510045707049557e-01
-9.013479615087591768e-01 -8.950265348441174273e-01
-9.013822942008048456e-01 -8.948988800962212053e-01
-9.014174953747454699e-01 -8.947679587821673053e-01
-9.014535865321475772e-01 -8.946336872859608214e-01
-9.014905896802738461e-01 -8.944959798685734320e-01
-9.015285273422319889e-01 -8.943547486148220038e-01
-9.015674225672205555e-01 -8.942099033789858709e-01
-9.016072989408476790e-01 -8.940613517291337020e-01
-9.016481805955249840e-01 -8.939089988901339767e-01
-9.016900922209257763e-01 -8.937527476853269759e-01
-9.017330590744889740e-01 -8.935924984768294221e-01
-9.017771069919719995e-01 -8.934281491044470114e-01
-9.018222623980213237e-01 -8.932595948231638605e-01
-9.018685523167604412e-01 -8.930867282391932171e-01
-9.019160043823747364e-01 -8.929094392445486861e-01
-9.019646468496780312e-01 -8.927276149501206515e-01
-9.020145086046456040e-01 -8.925411396172264755e-01
-9.020656191748848141e-01 -8.923498945876132682e-01
-9.021180087400348935e-01 -8.921537582118771459e-01
-9.021717081420628226e-01 -8.919526057762863225e-01
-9.022267488954432979e-01 -8.917463094279729496e-01
-9.022831631971781619e-01 -8.915347380984722792e-01
-9.023409839366499652e-01 -8.913177574255857216e-01
-9.024002447052548170e-01 -8.910952296735421552e-01
-9.024609798058060850e-01 -8.908670136514331706e-01
-9.025232242616539891e-01 -8.906329646299039338e-01
-9.025870138254967756e-01 -8.903929342560736870e-01
-9.026523849878351768e-01 -8.901467704666657932e-01
-9.027193749850346283e-01 -8.898943173993307809e-01
-9.027880218069399554e-01 -8.896354153021425182e-01
-9.028583642040015622e-01 -8.893699004412456421e-01
-9.029304416938597200e-01 -8.890976050066470293e-01
-9.030042945673200094e-01 -8.888183570161329872e-01
-9.030799638936805041e-01 -8.885319802172955139e-01
-9.031574915253248736e-01 -8.882382939876709571e-01
-9.032369201015247873e-01 -8.879371132329678673e-01
-9.033182930513841136e-01 -8.876282482833871557e-01
-9.034016545958318822e-01 -8.873115047880311135e-01
-9.034870497485961716e-01 -8.869866836074018490e-01
-9.035745243160675511e-01 -8.866535807039879202e-01
-9.036641248959509376e-01 -8.863119870309507098e-01
-9.037558988746249300e-01 -8.859616884189206454e-01
-9.038498944230801690e-01 -8.856024654609139235e-01
-9.039461604913480164e-01 -8.852340933953913860e-01
-9.040447468012881016e-01 -8.848563419874835301e-01
-9.041457038376152777e-01 -8.844689754084084088e-01
-9.042490828370268741e-01 -8.840717521131145062e-01
-9.043549357753052353e-01 -8.836644247161971055e-01
-9.044633153522233515e-01 -8.832467398661173474e-01
-9.045742749741207955e-01 -8.828184381177965889e-01
-9.046878687339674485e-01 -8.823792538036323574e-01
-9.048041513887472576e-01 -8.819289149030069552e-01
-9.049231783339759527e-01 -8.814671429103665412e-01
-9.050450055751522171e-01 -8.809936527019539554e-01
-9.051696896959434691e-01 -8.805081524012903227e-01
-9.052972878228837672e-01 -8.800103432435110173e-01
-9.054278575863554668e-01 -8.794999194386667885e-01
-9.055614570776155947e-01 -8.789765680341212750e-01
-9.056981448016087066e-01 -8.784399687761816899e-01
-9.058379796253036575e-01 -8.778897939711178822e-01
-9.059810207212718458e-01 -8.773257083457283168e-01
-9.061273275062082799e-01 -8.767473689076403787e-01
-9.062769595740950423e-01 -8.761544248055384010e-01
-9.064299766236675326e-01 -8.755465171895305820e-01
-9.065864383798662995e-01 -8.749232790718861619e-01
-9.067464045088851066e-01 -8.742843351883906600e-01
-9.069099345264783896e-01 -8.736293018605837402e-01
-9.070770876991069986e-01 -8.729577868591769096e-01
-9.072479229375345344e-01 -8.722693892689497019e-01
-9.074224986824372952e-01 -8.715636993554638501e-01
-9.076008727815894073e-01 -8.708402984339488340e-01
-9.077831023581565129e-01 -8.700987587407446044e-01
-9.079692436696187308e-01 -8.693386433077057163e-01
-9.081593519568200712e-01 -8.685595058400030766e-01
-9.083534812826237204e-01 -8.677608905977903797e-01
-9.085516843596296299e-01 -8.669423322822291667e-01
-9.087540123664035185e-01 -8.661033559263974224e-01
-9.089605147516223171e-01 -8.652434767916458158e-01
-9.091712390255498599e-01 -8.643622002699909990e-01
-9.093862305382166555e-01 -8.634590217931767953e-01
-9.096055322436653601e-01 -8.625334267490714080e-01
-9.098291844496078085e-01 -8.615848904061005342e-01
-9.100572245518137038e-01 -8.606128778464660067e-01
-9.102896867525430702e-01 -8.596168439089274527e-01
-9.105266017623103725e-01 -8.585962331419809690e-01
-9.107679964842543274e-01 -8.575504797682907965e-01
-9.110138936803815479e-01 -8.564790076612996961e-01
-9.112643116189228509e-01 -8.553812303349671575e-01
-9.115192637020527178e-01 -8.542565509476326424e-01
-9.117787580731856467e-01 -8.531043623210585736e-01
-9.120427972030931141e-01 -8.519240469757416445e-01
-9.123113774540461129e-01 -8.507149771836247654e-01
-9.125844886212060025e-01 -8.494765150394070208e-01
-9.128621134504911749e-01 -8.482080125516646696e-01
-9.131442271321459359e-01 -8.469088117550657158e-01
-9.134307967692534280e-01 -8.455782448449928879e-01
-9.137217808204448621e-01 -8.442156343359270565e-01
-9.140171285160918480e-01 -8.428202932449970763e-01
-9.143167792472753908e-01 -8.413915253021211349e-01
-9.146206619268747451e-01 -8.399286251882142063e-01
-9.149286943221501822e-01 -8.384308788029595227e-01
-9.152407823582433544e-01 -8.368975635636635158e-01
-9.155568193920732289e-01 -8.353279487367479827e-01
-9.158766854561676274e-01 -8.337212958034356802e-01
-9.162002464720527817e-01 -8.320768588612034167e-01
-9.165273534328786109e-01 -8.303938850625729451e-01
-9.168578415550937555e-01 -8.286716150928119529e-01
-9.171915293990500206e-01 -8.269092836880862496e-01
-9.175282179585495523e-01 -8.251061201956040314e-01
-9.178676897194785189e-01 -8.232613491772229342e-01
-9.182097076878086295e-01 -8.213741910579811512e-01
-9.185540143874105778e-01 -8.194438628209126385e-01
-9.189003308282839289e-01 -8.174695787494623556e-01
-9.192483554460114670e-01 -8.154505512187031346e-01
-9.195977630134349878e-01 -8.133859915364624049e-01
-9.199482035257828816e-01 -8.112751108353268847e-01
-9.202993010606930202e-01 -8.091171210163630168e-01
-9.206506526148672265e-01 -8.069112357452127293e-01
-9.210018269193258611e-01 -8.046566715010419202e-01
-9.213523632355513637e-01 -8.023526486786218825e-01
-9.217017701351001291e-01 -7.999983927435657671e-01
-9.220495242655988299e-01 -7.975931354405286777e-01
-9.223950691063824703e-01 -7.951361160538614747e-01
-9.227378137173944950e-01 -7.926265827199370229e-01
-9.230771314853460918e-01 -7.900637937900283347e-01
-9.234123588715303921e-01 -7.874470192422704518e-01
-9.237427941660953934e-01 -7.847755421408706411e-01
-9.240676962540069761e-01 -7.820486601403344729e-01
-9.243862833983597094e-01 -7.792656870320586737e-01
-9.246977320471524431e-01 -7.764259543302125532e-01
-9.250011756700871057e-01 -7.735288128933763829e-01
-9.252957036324189755e-01 -7.705736345779408136e-01
-9.255803601133367753e-01 -7.675598139187975733e-01
-9.258541430768183478e-01 -7.644867698323702943e-01
-9.261160033033606354e-01 -7.613539473365448229e-01
-9.263648434914281138e-01 -7.581608192815878500e-01
-9.265995174378891530e-01 -7.549068880856560915e-01
-9.268188293071329964e-01 -7.515916874680524939e-01
-9.270215329989404118e-01 -7.482147841729390736e-01
-9.272063316255393373e-01 -7.447757796758144311e-01
-9.273718771086012502e-01 -7.412743118646915041e-01
-9.275167699072098815e-01 -7.377100566875789411e-01
-9.276395588880574916e-01 -7.340827297576093535e-01
-9.277387413493078938e-01 -7.303920879069346617e-01
-9.278127632096546673e-01 -7.266379306803796290e-01
-9.278600193741464164e-01 -7.228201017597791767e-01
-9.278788542883054102e-01 -7.189384903099640400e-01
-9.278675626919288266e-01 -7.149930322374821179e-01
-9.278243905837322281e-01 -7.109837113533732378e-01
-9.277475364076622766e-01 -7.069105604316689995e-01
-9.276351524712733720e-01 -7.027736621557389984e-01
-9.274853466059839180e-01 -6.985731499451945936e-01
-9.272961840783804366e-01 -6.943092086567725918e-01
-9.270656897608815505e-01 -6.899820751534282426e-01
-9.267918505691787878e-01 -6.855920387368585889e-01
-9.264726181727664933e-01 -6.811394414397080599e-01
-9.261059119836563269e-01 -6.766246781749294392e-01
-9.256896224270194651e-01 -6.720481967410384394e-01
-9.252216144960074828e-01 -6.674104976833896696e-01
-9.246997315913534354e-01 -6.627121340130626148e-01
-9.241217996445972860e-01 -6.579537107864569245e-01
-9.234856315218701317e-01 -6.531358845502559518e-01
-9.227890317031697265e-01 -6.482593626579871149e-01
-9.220298012299052992e-01 -6.433249024659751791e-01
-9.212057429112792128e-01 -6.383333104179955697e-01
-9.203146667777510892e-01 -6.332854410294113112e-01
-9.193543957674349398e-01 -6.281821957829180070e-01
-9.183227716288698828e-01 -6.230245219492678288e-01
-9.172176610211195680e-01 -6.178134113474110789e-01
-9.160369617896925165e-01 -6.125498990593730708e-01
-9.147786093943386376e-01 -6.072350621158586481e-01
-9.134405834623571252e-01 -6.018700181689928819e-01
-9.120209144387334543e-01 -5.964559241687634739e-01
-9.105176903022029755e-01 -5.909939750595989416e-01
-9.089290633142407261e-01 -5.854854025130962203e-01
-9.072532567660757108e-01 -5.799314737121585850e-01
-9.054885716870928469e-01 -5.743334902007768417e-01
-9.036333934765065079e-01 -5.686927868123158314e-01
-9.016861984189624701e-01 -5.630107306875421491e-01
-8.996455600437901490e-01 -5.572887203916848664e-01
-8.975101552870061727e-01 -5.515281851376659938e-01
-8.952787704148920112e-01 -5.457305841202267915e-01
-8.929503066680897216e-01 -5.398974059631265199e-01
-8.905237855855852036e-01 -5.340301682788646254e-01
-8.879983539688705019e-01 -5.281304173375940270e-01
-8.853732884478260345e-01 -5.221997278390614339e-01
-8.826479996115651483e-01 -5.162397027786332915e-01
-8.798220356695952704e-01 -5.102519733957175951e-01
-8.768950856111369374e-01 -5.042381991903439609e-01
-8.738669818333594241e-01 -4.982000679912731989e-01
-8.707377022125452060e-01 -4.921392960568941044e-01
-8.675073715958228071e-01 -4.860576281883362548e-01
-8.641762626950364456e-01 -4.799568378327654927e-01
-8.607447963685307402e-01 -4.738387271537292111e-01
-8.572135412810846233e-01 -4.677051270447700193e-01
-8.535832129368683407e-01 -4.615578970622746802e-01
-8.498546720850805869e-01 -4.553989252537576915e-01
-8.460289225027957105e-01 -4.492301278584469593e-01
-8.421071081644510015e-01 -4.430534488581583941e-01
-8.380905098122741759e-01 -4.368708593579961330e-01
-8.339805409467521136e-01 -4.306843567783538163e-01
-8.297787432608672020e-01 -4.244959638420195969e-01
-8.254867815462861858e-01 -4.183077273428252862e-01
-8.211064381038585269e-01 -4.121217166851850466e-01
-8.166396066946699506e-01 -4.059400221870123615e-01
-8.120882860714072615e-01 -3.997647531417892752e-01
-8.074545731329287879e-01 -3.935980356389575663e-01
-8.027406557476107762e-01 -3.874420101452203946e-01
-7.979488052932827147e-01 -3.812988288527443537e-01
-7.930813689632876251e-01 -3.751706528035565480e-01
-7.881407618894537004e-01 -3.690596488025993382e-01
-7.831294591334875266e-01 -3.629679861348604764e-01
-7.780499875984980829e-01 -3.568978331047185093e-01
-7.729049179120878188e-01 -3.508513534180713878e-01
-7.676968563316366456e-01 -3.448307024299176460e-01
-7.624284367211671132e-01 -3.388380232818274385e-01
-7.571023126474506482e-01 -3.328754429551191718e-01
-7.517211496408967575e-01 -3.269450682665807628e-01
-7.462876176642757597e-01 -3.210489818341993873e-01
-7.408043838294626759e-01 -3.151892380406197125e-01
-7.352741053992666309e-01 -3.093678590219365310e-01
-7.296994231080166093e-01 -3.035868307089646390e-01
-7.240829548309941632e-01 -2.978480989473405449e-01
-7.184272896290475607e-01 -2.921535657217163573e-01
-7.127349821908900429e-01 -2.865050855079529502e-01
-7.070085476916659895e-01 -2.809044617756127349e-01
-7.012504570824668049e-01 -2.753534436612719016e-01
-6.954631328215742370e-01 -2.698537228311953529e-01
-6.896489450544079913e-01 -2.644069305498442657e-01
-6.838102082454351471e-01 -2.590146349684980809e-01
-6.779491782617536044e-01 -2.536783386460509382e-01
-6.720680499046510770e-01 -2.483994763117783611e-01
-6.661689548822591345e-01 -2.431794128776293973e-01
-6.602539602134570584e-01 -2.380194417053914657e-01
-6.543250670504311417e-01 -2.329207831319331512e-01
-6.483842099048335861e-01 -2.278845832536678939e-01
-6.424332562602476093e-01 -2.229119129694354662e-01
-6.364740065517326961e-01 -2.180037672791591552e-01
-6.305081944915300607e-01 -2.131610648339513636e-01
-6.245374877186068430e-01 -2.083846477317750079e-01
-6.185634887485703670e-01 -2.036752815513762638e-01
-6.125877361995936132e-01 -1.990336556159487680e-01
-6.066117062693752171e-01 -1.944603834769055573e-01
-6.006368144377445262e-01 -1.899560036071895330e-01
-5.946644173693707014e-01 -1.855209802927789142e-01
-5.886958149910781479e-01 -1.811557047103964369e-01
-5.827322527185172518e-01 -1.768604961789480012e-01
-5.767749238073731632e-01 -1.726356035718454029e-01
-5.708249718048916677e-01 -1.684812068771404658e-01
-5.648834930782496988e-01 -1.643974188922773805e-01
-5.589515393971813406e-01 -1.603842870402626963e-01
-5.530301205492698102e-01 -1.564417952941417611e-01
-5.471202069674157009e-01 -1.525698661968481751e-01
-5.412227323501782594e-01 -1.487683629637518434e-01
-5.353385962569416900e-01 -1.450370916555561995e-01
-5.294686666611659875e-01 -1.413758034095851657e-01
-5.236137824463368284e-01 -1.377841967179375682e-01
-5.177747558306013964e-01 -1.342619197414708920e-01
-5.119523747074731235e-01 -1.308085726490930689e-01
-5.061474048913805479e-01 -1.274237099723876665e-01
-5.003605922582268217e-01 -1.241068429661649625e-01
-4.945926647724910863e-01 -1.208574419661131993e-01
-4.888443343937490804e-01 -1.176749387353162590e-01
-4.831162988567955785e-01 -1.145587287919998948e-01
-4.774092433208226294e-01 -1.115081737114627103e-01
-4.717238418843088255e-01 -1.085226033957398528e-01
-4.660607589634572223e-01 -1.056013183051292686e-01
-4.604206505331074895e-01 -1.027435916462806909e-01
-4.548041652300873205e-01 -9.994867151210470868e-02
-4.492119453199522883e-01 -9.721578296929905827e-02
-4.436446275289517294e-01 -9.454413008981069066e-02
-4.381028437439020151e-01 -9.193289792305328612e-02
-4.325872215834014600e-01 -8.938125440617940287e-02
-4.270983848445117914e-01 -8.688835221016265320e-02
-4.216369538296430575e-01 -8.445333051987949369e-02
-4.162035455589180311e-01 -8.207531674678816835e-02
-4.107987738737685079e-01 -7.975342817318704924e-02
-4.054232494379054197e-01 -7.748677352739422042e-02
-4.000775796421423003e-01 -7.527445448952534146e-02
-3.947623684198136029e-01 -7.311556712785610701e-02
-3.894782159797329779e-01 -7.100920326604212574e-02
-3.842257184637696277e-01 -6.895445178172995848e-02
-3.790054675362113934e-01 -6.695039983733190592e-02
-3.738180499121063205e-01 -6.499613404395143679e-02
-3.686640468317510799e-01 -6.309074155963968755e-02
-3.635440334884253444e-01 -6.123331112333438297e-02
-3.584585784163573652e-01 -5.942293402598310126e-02
-3.534082428457486769e-01 -5.765870502048388302e-02
-3.483935800315007270e-01 -5.593972317218758039e-02
-3.434151345620572449e-01 -5.426509265180061437e-02
-3.384734416545318592e-01 -5.263392347260321957e-02
-3.335690264420104745e-01 -5.104533217395967187e-02
-3.287024032586221556e-01 -4.949844245314249935e-02
-3.238740749276595166e-01 -4.799238574752494324e-02
-3.190845320577000988e-01 -4.652630176921495470e-02
-3.143342523513418252e-01 -4.509933899421120218e-02
-3.096236999308193960e-01 -4.371065510815821259e-02
-3.049533246844172152e-01 -4.235941741076365563e-02
-3.003235616372393335e-01 -4.104480318091929814e-02
-2.957348303495532238e-01 -3.976600000453574257e-02
-2.911875343455567755e-01 -3.852220606706426714e-02
-2.866820605750985962e-01 -3.731263041263573055e-02
-2.822187789105223832e-01 -3.613649317169649600e-02
-2.777980416804930464e-01 -3.499302575896877376e-02
-2.734201832423384104e-01 -3.388147104350556355e-02
-2.690855195941374012e-01 -3.280108349254893391e-02
-2.647943480274943528e-01 -3.175112929083896002e-02
-2.605469468216580209e-01 -3.073088643695485317e-02
-2.563435749793837037e-01 -2.973964481820484673e-02
-2.521844720046898525e-01 -2.877670626551454697e-02
-2.480698577224266232e-01 -2.784138458969616370e-02
-2.439999321393573894e-01 -2.693300560041569230e-02
-2.399748753462626893e-01 -2.605090710910763080e-02
-2.359948474603837942e-01 -2.519443891702289814e-02
-2.320599886073655971e-01 -2.436296278953111599e-02
-2.281704189417018691e-01 -2.355585241773623661e-02
-2.243262387045590056e-01 -2.277249336840367344e-02
-2.205275283177288159e-01 -2.201228302313851248e-02
-2.167743485123632130e-01 -2.127463050769733827e-02
-2.130667404910526197e-01 -2.055895661226175841e-02
-2.094047261217329425e-01 -1.986469370344935703e-02
-2.057883081618481491e-01 -1.919128562878753483e-02
-2.022174705111435267e-01 -1.853818761432835666e-02
-1.986921784914287004e-01 -1.790486615603689019e-02
-1.952123791516220397e-01 -1.729079890554268556e-02
-1.917780015963755635e-01 -1.669547455080350878e-02
-1.883889573365690739e-01 -1.611839269219210447e-02
-1.850451406599694648e-01 -1.555906371448065317e-02
-1.817464290203604504e-01 -1.501700865516416086e-02
-1.784926834434655829e-01 -1.449175906953184545e-02
-1.752837489480158495e-01 -1.398285689286655163e-02
-1.721194549803432283e-01 -1.348985430012425782e-02
-1.689996158609174126e-01 -1.301231356342028717e-02
-1.659240312412867679e-01 -1.254980690762489901e-02
-1.628924865699303282e-01 -1.210191636434867005e-02
-1.599047535655756525e-01 -1.166823362457785306e-02
-1.569605906965924613e-01 -1.124835989020059150e-02
-1.540597436651235108e-01 -1.084190572464744512e-02
-1.512019458946755324e-01 -1.044849090285356052e-02
-1.483869190199484933e-01 -1.006774426073466823e-02
-1.456143733777416072e-01 -9.699303544355454207e-03
-1.428840084978368896e-01 -9.342815258956027602e-03
-1.401955135928193708e-01 -8.997934517990604369e-03
-1.375485680458552462e-01 -8.664324892321575294e-03
-1.349428418955095355e-01 -8.341658259702323941e-03
-1.323779963167447393e-01 -8.029614654672870624e-03
-1.298536840973005813e-01 -7.727882118984034585e-03
-1.273695501087143689e-01 -7.436156552657892729e-03
-1.249252317712960247e-01 -7.154141565785138504e-03
-1.225203595124309541e-01 -6.881548331153214577e-03
-1.201545572176329207e-01 -6.618095437792888801e-03
-1.178274426738265823e-01 -6.363508745525135041e-03
-1.155386280043863428e-01 -6.117521240584790701e-03
-1.132877200955080960e-01 -5.879872892392452866e-03
-1.110743210135371473e-01 -5.650310511541321856e-03
-1.088980284129207610e-01 -5.428587609061306073e-03
-1.067584359344956324e-01 -5.214464257018516964e-03
-1.046551335938627481e-01 -5.007706950504310466e-03
-1.025877081596394402e-01 -4.808088471064404790e-03
-1.005557435214169959e-01 -4.615387751614913846e-03
-9.855882104728495852e-02 -4.429389742888904628e-03
-9.659651993081756760e-02 -4.249885281453784011e-03
-9.466841752744800664e-02 -4.076670959336763794e-03
-9.277408968018499569e-02 -3.909548995292711632e-03
-9.091311103465370136e-02 -3.748327107745834472e-03
-8.908505534346740362e-02 -3.592818389433947122e-03
-8.728949575996078347e-02 -3.442841183781385379e-03
-8.552600512133595734e-02 -3.298218963024152940e-03
-8.379415622129461616e-02 -3.158780208108373771e-03
-8.209352207224498987e-02 -3.024358290380796226e-03
-8.042367615719250851e-02 -2.894791355087731645e-03
-7.878419267143560445e-02 -2.769922206696692930e-03
-7.717464675420412923e-02 -2.649598196052711796e-03
-7.559461471038919633e-02 -2.533671109379345351e-03
-7.404367422252512709e-02 -2.421997059132299270e-03
-7.252140455319416867e-02 -2.314436376711642360e-03
-7.102738673803385416e-02 -2.210853507036775883e-03
-6.956120376953385531e-02 -2.111116904986378925e-03
-6.812244077181743573e-02 -2.015098933703918758e-03
-6.671068516660695613e-02 -1.922675764767517968e-03
-6.532552683057891996e-02 -1.833727280221416874e-03
-6.396655824431737858e-02 -1.748136976464648249e-03
-6.263337463307816488e-02 -1.665791869991071171e-03
-6.132557409957909572e-02 -1.586582404973444545e-03
-6.004275774903242158e-02 -1.510402362682854334e-03
-5.878452980663773086e-02 -1.437148772733491415e-03
-5.755049772775365502e-02 -1.366721826141503943e-03
-5.634027230096672056e-02 -1.299024790185485806e-03
-5.515346774427565962e-02 -1.233963925054986418e-03
-5.398970179460793606e-02 -1.171448402272381702e-03
-5.284859579088412029e-02 -1.111390224872436071e-03
-5.172977475084411525e-02 -1.053704149322897722e-03
-5.063286744184707783e-02 -9.983076091686176028e-04
-4.955750644585379255e-02 -9.451206403808076577e-04
-4.850332821879891482e-02 -8.940658083922792092e-04
-4.746997314455569245e-02 -8.450681367988030056e-04
-4.645708558369438662e-02 -7.980550377060058407e-04
-4.546431391723066567e-02 -7.529562437006532367e-04
-4.449131058555761548e-02 -7.097037414245705063e-04
-4.353773212275081905e-02 -6.682317067289383168e-04
-4.260323918643224572e-02 -6.284764413862444941e-04
-4.168749658337458225e-02 -5.903763113367446747e-04
-4.079017329102355843e-02 -5.538716864459047266e-04
-3.991094247511176724e-02 -5.189048817489894062e-04
-3.904948150353305253e-02 -4.854201001586588978e-04
-3.820547195664267259e-02 -4.533633766111946255e-04
-3.737859963414331965e-02 -4.226825236267791599e-04
-3.656855455871396016e-02 -3.933270782590885645e-04
-3.577503097653318004e-02 -3.652482504093248778e-04
-3.499772735484436847e-02 -3.383988724797249228e-04
-3.423634637670684017e-02 -3.127333503415345261e-04
-3.349059493307152829e-02 -2.882076155923936974e-04
-3.276018411231601535e-02 -2.647790790781052095e-04
-3.204482918737004693e-02 -2.424065856537766916e-04
-3.134424960055753190e-02 -2.210503701593944346e-04
-3.065816894627770156e-02 -2.006720145849869106e-04
-2.998631495164379157e-02 -1.812344064006284072e-04
-2.932841945519343296e-02 -1.627016980266915013e-04
-2.868421838378142769e-02 -1.450392674198998279e-04
-2.805345172776135473e-02 -1.282136797509238842e-04
-2.743586351455889333e-02 -1.121926501494533704e-04
-2.683120178073607198e-02 -9.694500749289812155e-05
-2.623921854264169712e-02 -8.244065921510695732e-05
-2.565966976574023117e-02 -6.865055711173181658e-05
-2.509231533270757722e-02 -5.554666411913794483e-05
-2.453691901037850440e-02 -4.310192204403006175e-05
-2.399324841562806843e-02 -3.129022022125122854e-05
-2.346107498026539853e-02 -2.008636507751162476e-05
-2.294017391501512737e-02 -9.466050579108140981e-06
-2.243032417265931888e-02 5.941704579811462640e-07
-2.193130841040890483e-02 1.011691421692887790e-05
-2.144291295157161117e-02 1.912399290878126284e-05
-2.096492774657982006e-02 2.763644100169823740e-05
-2.049714633343971068e-02 3.567454067100202632e-05
-2.003936579765983397e-02 4.325784648997118577e-05
-1.959138673171528441e-02 5.040520938097196814e-05
-1.915301319410060016e-02 5.713479984616668105e-05
-1.872405266802256579e-02 6.346413049667818870e-05
-1.830431601978153508e-02 6.941007789873848634e-05
-1.789361745688762551e-02 7.498890375498706048e-05
-1.749177448595619355e-02 8.021627543873005746e-05
-1.709860787042457794e-02 8.510728589861018926e-05
-1.671394158813042929e-02 8.967647295078174166e-05
-1.633760278878958888e-02 9.393783797532518926e-05
-1.596942175140991099e-02 9.790486403328539286e-05
-1.560923184167552040e-02 1.015905334203572096e-04
-1.525686946933403620e-02 1.050073446728974749e-04
-1.491217404561796279e-02 1.081673290415911977e-04
-1.457498794072949189e-02 1.110820664477521854e-04
-1.424515644141647469e-02 1.137627009368975670e-04
-1.392252770866592854e-02 1.162199556438961223e-04
-1.360695273553991919e-02 1.184641472836540596e-04
-1.329828530517708149e-02 1.205052001809728306e-04
-1.299638194898206089e-02 1.223526598528802049e-04
-1.270110190502343750e-02 1.240157061564201469e-04
-1.241230707665984950e-02 1.255031660145623210e-04
-1.212986199141252372e-02 1.268235257325816840e-04
-1.185363376010145284e-02 1.279849429169444615e-04
-1.158349203626129684e-02 1.289952580084379049e-04
-1.131930897585206944e-02 1.298620054409803327e-04
-1.106095919727857757e-02 1.305924244372476492e-04
-1.080831974173169022e-02 1.311934694519716971e-04
-1.056127003386358142e-02 1.316718202734745854e-04
-1.031969184280811212e-02 1.320338917937281527e-04
-1.008346924355680782e-02 1.322858434569518498e-04
-9.852488578699959004e-03 1.324335883964938246e-04
-9.626638420541584057e-03 1.324828022694782910e-04
-9.405809533596411198e-03 1.324389317984427073e-04
-9.189894837476087278e-03 1.323072030289350191e-04
-8.978789370171340670e-03 1.320926293117955950e-04
-8.772390251736069192e-03 1.318000190186058144e-04
-8.570596648378737623e-03 1.314339829985453555e-04
-8.373309736965907357e-03 1.309989417846752922e-04
-8.180432669942075408e-03 1.304991325574272052e-04
-7.991870540669550674e-03 1.299386158728686421e-04
-7.807530349191606212e-03 1.293212821630888507e-04
-7.627320968421475757e-03 1.286508580158425758e-04
-7.451153110759582351e-03 1.279309122403836591e-04
-7.278939295140695633e-03 1.271648617262135562e-04
-7.110593814512449796e-03 1.263559771012795312e-04
-6.946032703746230982e-03 1.255073881959599858e-04
-6.785173707981003062e-03 1.246220893189901250e-04
-6.627936251400378884e-03 1.237029443512980089e-04
-6.474241406442829416e-03 1.227526916635412807e-04
-6.324011863444687319e-03 1.217739488629627581e-04
-6.177171900715198137e-03 1.207692173750137227e-04
-6.033647355042683243e-03 1.197408868650270839e-04
-5.893365592630573323e-03 1.186912395050645499e-04
-5.756255480461800605e-03 1.176224540909025408e-04
-5.622247358089827243e-03 1.165366100139710959e-04
-5.491273009854366963e-03 1.154356910929104599e-04
-5.363265637519621168e-03 1.143215892692650483e-04
-5.238159833332682418e-03 1.131961081716959303e-04
-5.115891553499562171e-03 1.120609665529523477e-04
-4.996398092076114079e-03 1.109178016037123992e-04
-4.879618055270993141e-03 1.097681721472718166e-04
-4.765491336157625345e-03 1.086135617189337081e-04
-4.653959089792004608e-03 1.074553815338287347e-04
-4.544963708733050500e-03 1.062949733467769394e-04
-4.438448798962101559e-03 1.051336122076849895e-04
-4.334359156198012292e-03 1.039725091158584394e-04
-4.232640742604258655e-03 1.028128135765018944e-04
-4.133240663884290254e-03 1.016556160625693142e-04
-4.036107146761377940e-03 1.005019503850240075e-04
-3.941189516839048446e-03 9.935279597446802574e-05
-3.848438176838149191e-03 9.820908007699936059e-05
-3.757804585206568973e-03 9.707167986706148534e-05
-3.669241235097495460e-03 9.594142447995687587e-05
-3.582701633712145027e-03 9.481909696660414044e-05
-3.498140282002753024e-03 9.370543617303152880e-05
-3.415512654731663739e-03 9.260113854701357316e-05
-3.334775180882258716e-03 9.150685987417360152e-05
-3.255885224417480722e-03 9.042321694579552756e-05
-3.178801065381669025e-03 8.935078916050750715e-05
-3.103481881341389140e-03 8.829012006192525565e-05
-3.029887729160973125e-03 8.724171881426646480e-05
-2.957979527108414546e-03 8.620606161787685141e-05
-2.887719037287320330e-03 8.518359306653625702e-05
-2.819068848390561023e-03 8.417472744834613265e-05
-2.751992358771338139e-03 8.317984999193097728e-05
-2.686453759827294504e-03 8.219931805962299486e-05
-2.622418019693408420e-03 8.123346228923471093e-05
-2.559850867239340036e-03 8.028258768596254489e-05
-2.498718776366961637e-03 7.934697466590510907e-05
-2.438988950603814855e-03 7.842688005262025302e-05
-2.380629307988248178e-03 7.752253802808866875e-05
-2.323608466242005951e-03 7.663416103939542671e-05
-2.267895728226095118e-03 7.576194066238738794e-05
-2.213461067675756826e-03 7.490604842351055326e-05
-2.160275115210407316e-03 7.406663658098031706e-05
-2.108309144614457179e-03 7.324383886638689346e-05
-2.057535059384925889e-03 7.243777118778909523e-05
-2.007925379541843948e-03 7.164853229530085692e-05
-1.959453228697427638e-03 7.087620441012922132e-05
-1.912092321380088993e-03 7.012085381797453286e-05
-1.865816950609363537e-03 6.938253142766013170e-05
-1.820601975717882608e-03 6.866127329581403808e-05
-1.776422810416566260e-03 6.795710111838184275e-05
-1.733255411099263307e-03 6.727002268970821031e-05
-1.691076265383087158e-03 6.660003232988217212e-05
-1.649862380880775907e-03 6.594711128100102637e-05
-1.609591274201421177e-03 6.531122807296765561e-05
-1.570240960175988722e-03 6.469233885939647179e-05
-1.531789941304078934e-03 6.409038772416472294e-05
-1.494217197418446982e-03 6.350530695910785387e-05
-1.457502175563835664e-03 6.293701731331950364e-05
-1.421624780086736331e-03 6.238542821448036081e-05
-1.386565362932753271e-03 6.185043796260375005e-05
-1.352304714148285132e-03 6.133193389654856720e-05
-1.318824052583297650e-03 6.082979253361585207e-05
-1.286105016792029199e-03 6.034387968250938680e-05
-1.254129656128497548e-03 5.987405052990538368e-05
-1.222880422033770969e-03 5.942014970084286466e-05
-1.192340159511985718e-03 5.898201129311014964e-05
-1.162492098792176909e-03 5.855945888577045318e-05
-1.133319847173030548e-03 5.815230552193455574e-05
-1.104807381047728711e-03 5.776035366585491890e-05
-1.076939038106126175e-03 5.738339513438182773e-05
-1.049699509711532388e-03 5.702121100278866853e-05
-1.023073833449460266e-03 5.667357148493957564e-05
-9.970473858457473172e-04 5.634023578773931498e-05
-9.716058752515056634e-04 5.602095193977136298e-05
-9.467353348924438354e-04 5.571545659399658424e-05
-9.224221160801399652e-04 5.542347480435105638e-05
-8.986528815829166947e-04 5.514471977604733016e-05
-8.754145991540307828e-04 5.487889258935006005e-05
-8.526945352149466672e-04 5.462568189656128370e-05
-8.304802486915311040e-04 5.438476359191715410e-05
-8.087595850010656420e-04 5.415580045406252215e-05
-7.875206701880305008e-04 5.393844176073407009e-05
-7.667519052066945184e-04 5.373232287524819820e-05
-7.464419603485823729e-04 5.353706480435255720e-05
-7.265797698129799467e-04 5.335227372696426540e-05
-7.071545264186872726e-04 5.317754049328098683e-05
-6.881556764552999514e-04 5.301244009371318107e-05
-6.695729146723596687e-04 5.285653109704768456e-05
-6.513961794047880586e-04 5.270935505721464031e-05
-6.336156478330746446e-04 5.257043588798973100e-05
-6.162217313767657037e-04 5.243927920492403661e-05
-5.992050712198603111e-04 5.231537163375319321e-05
-5.825565339667915970e-04 5.219818008449490738e-05
-5.662672074277383611e-04 5.208715099040372412e-05
-5.503283965320820113e-04 5.198170951090543403e-05
-5.347316193688909057e-04 5.188125869759237371e-05
-5.194686033533877940e-04 5.178517862231394079e-05
-5.045312815184234932e-04 5.169282546635066129e-05
-4.899117889300533312e-04 5.160353056961346539e-05
-4.756024592263862383e-04 5.151659943876087588e-05
-4.615958212789480347e-04 5.143131071307753001e-05
-4.478845959758754854e-04 5.134691508690654498e-05
-4.344616931263281696e-04 5.126263418737627732e-05
-4.213202084855935739e-04 5.117765940610869715e-05
-4.084534209004229413e-04 5.109115068354138495e-05
-3.958547895742176481e-04 5.100223524443946497e-05
-3.835179514517781437e-04 5.091000628311583140e-05
-3.714367187233853849e-04 5.081352159681874520e-05
-3.596050764480846081e-04 5.071180216568458101e-05
-3.480171802961137036e-04 5.060383067759135871e-05
-3.366673544105088282e-04 5.048854999618417039e-05
-3.255500893879991441e-04 5.036486157027696928e-05
-3.146600403793971723e-04 5.023162378276758674e-05
-3.039920253097700667e-04 5.008765023713241803e-05
-2.935410232187767553e-04 4.993170797949479287e-05
-2.833021727216408422e-04 4.976251565418749693e-05
-2.732707705913254952e-04 4.957874159065270883e-05
-2.634422704625714634e-04 4.937900181944395806e-05
-2.538122816585542427e-04 4.916185801501392951e-05
-2.443765681410195608e-04 4.892581536288790787e-05
-2.351310475848525849e-04 4.866932034873671850e-05
-2.260717905781441258e-04 4.839075846677433378e-05
-2.171950199489174602e-04 4.808845184481344115e-05
-2.084971102197923922e-04 4.776065678321868909e-05
-1.999745871919679345e-04 4.740556120489915941e-05
-1.916241276600231711e-04 4.702128201338227420e-05
-1.834425592591437388e-04 4.660586235590730988e-05
-1.754268604465083255e-04 4.615726878837057444e-05
-1.675741606186809856e-04 4.567338833884423044e-05
-1.598817403669855019e-04 4.515202546627700657e-05
-1.523470318729607019e-04 4.459089891086908536e-05
-1.449676194461271199e-04 4.398763843249144779e-05
-1.377412402064272126e-04 4.333978143339685141e-05
-1.306657849138392706e-04 4.264476946134027985e-05
-1.237392989478022115e-04 4.189994458909474060e-05
-1.169599834392353504e-04 4.110254566621145519e-05
-1.103261965580813893e-04 4.024970443873243067e-05
-1.038364549594542383e-04 3.933844153241790195e-05
-9.748943539162703619e-05 3.836566229490127010e-05
-9.128397646925635086e-05 3.732815249202837596e-05
-8.521908061540077364e-05 3.622257385347909218e-05
-7.929391617606222230e-05 3.504545946260336089e-05
-7.350781971114988200e-05 3.379320898523366606e-05
-6.786029846594514607e-05 3.246208373206047168e-05
-6.235103302732867452e-05 3.104820154897503106e-05
-5.697988016921874297e-05 2.954753152959740549e-05
-5.174687589186330013e-05 2.795588854401356293e-05
-4.665223865982789600e-05 2.626892757754645626e-05
-4.169637284372534409e-05 2.448213787317948399e-05
-3.687987237094471219e-05 2.259083687103877823e-05
-3.220352459085386651e-05 2.059016393812042783e-05
-2.766831436017312280e-05 1.847507388122340659e-05
-2.327542835444771377e-05 1.624033023581391126e-05
-1.902625961178343303e-05 1.388049832330650933e-05
-1.492241231525417801e-05 1.138993806899740461e-05
-1.096570682064100368e-05 8.762796572628982992e-06
-7.158184936421347980e-06 5.993000423298246649e-06
-3.502115463194020707e-06 3.074247750148442028e-06
