-9.000018805400392674e-01 -8.999981194495384473e-01
-9.000036675837581601e-01 -8.999961443408539541e-01
-9.000053655053992241e-01 -8.999940779854581629e-01
-9.000069784947898333e-01 -8.999919235098476911e-01
-9.000085105650749151e-01 -8.999896838629383167e-01
-9.000099655601322413e-01 -8.999873618231768457e-01
-9.000113471616800753e-01 -8.999849600053513310e-01
-9.000126588960928320e-01 -8.999824808671033072e-01
-9.000139041409357388e-01 -8.999799267151598059e-01
-9.000150861312280481e-01 -8.999772997112968076e-01
-9.000162079654494551e-01 -8.999746018780402368e-01
-9.000172726112987132e-01 -8.999718351041213760e-01
-9.000182829112128857e-01 -8.999690011496904729e-01
-9.000192415876590024e-01 -8.999661016513054168e-01
-9.000201512482091104e-01 -8.999631381266973706e-01
-9.000210143904042726e-01 -8.999601119793282367e-01
-9.000218334064171710e-01 -8.999570245027440629e-01
-9.000226105875234195e-01 -8.999538768847363812e-01
-9.000233481283884673e-01 -8.999506702113165835e-01
-9.000240481311760909e-01 -8.999474054705121073e-01
-9.000247126094884642e-01 -8.999440835559910923e-01
-9.000253434921422491e-01 -8.999407052705236110e-01
-9.000259426267902541e-01 -8.999372713292841386e-01
-9.000265117833934347e-01 -8.999337823630034761e-01
-9.000270526575474550e-01 -8.999302389209749009e-01
-9.000275668736744672e-01 -8.999266414739212072e-01
-9.000280559880822207e-01 -8.999229904167285188e-01
-9.000285214918968268e-01 -8.999192860710506503e-01
-9.000289648138738441e-01 -8.999155286877907889e-01
-9.000293873230956754e-01 -8.999117184494644928e-01
-9.000297903315537251e-01 -8.999078554724498913e-01
-9.000301750966288594e-01 -8.999039398091267516e-01
-9.000305428234659511e-01 -8.998999714499131830e-01
-9.000308946672516131e-01 -8.998959503251999781e-01
-9.000312317353984515e-01 -8.998918763071891425e-01
-9.000315550896392791e-01 -8.998877492116384991e-01
-9.000318657480347317e-01 -8.998835687995184740e-01
-9.000321646868985059e-01 -8.998793347785820629e-01
-9.000324528426427717e-01 -8.998750468048523077e-01
-9.000327311135493114e-01 -8.998707044840311697e-01
-9.000330003614656071e-01 -8.998663073728314643e-01
-9.000332614134333165e-01 -8.998618549802362976e-01
-9.000335150632480241e-01 -8.998573467686871163e-01
-9.000337620729562671e-01 -8.998527821552048112e-01
-9.000340031742909419e-01 -8.998481605124450944e-01
-9.000342390700475370e-01 -8.998434811696918167e-01
-9.000344704354049652e-01 -8.998387434137886665e-01
-9.000346979191904406e-01 -8.998339464900132478e-01
-9.000349221450947290e-01 -8.998290896028963148e-01
-9.000351437128359944e-01 -8.998241719169843833e-01
-9.000353631992782377e-01 -8.998191925575532713e-01
-9.000355811595031064e-01 -8.998141506112691257e-01
-9.000357981278364061e-01 -8.998090451268030421e-01
-9.000360146188366439e-01 -8.998038751153972781e-01
-9.000362311282393835e-01 -8.997986395513881686e-01
-9.000364481338668510e-01 -8.997933373726836326e-01
-9.000366660964983501e-01 -8.997879674812007122e-01
-9.000368854607072588e-01 -8.997825287432619223e-01
-9.000371066556619448e-01 -8.997770199899517429e-01
-9.000373300958982581e-01 -8.997714400174360305e-01
-9.000375561820567194e-01 -8.997657875872446809e-01
-9.000377853015936180e-01 -8.997600614265188756e-01
-9.000380178294618005e-01 -8.997542602282239121e-01
-9.000382541287649252e-01 -8.997483826513289484e-01
-9.000384945513858481e-01 -8.997424273209538859e-01
-9.000387394385900297e-01 -8.997363928284864976e-01
-9.000389891216052929e-01 -8.997302777316672495e-01
-9.000392439221783780e-01 -8.997240805546466991e-01
-9.000395041531105145e-01 -8.997177997880122513e-01
-9.000397701187703436e-01 -8.997114338887898244e-01
-9.000400421155890784e-01 -8.997049812804152058e-01
-9.000403204325355677e-01 -8.996984403526816498e-01
-9.000406053515724869e-01 -8.996918094616606076e-01
-9.000408971480956533e-01 -8.996850869295978104e-01
-9.000411960913571319e-01 -8.996782710447843723e-01
-9.000415024448711332e-01 -8.996713600614056894e-01
-9.000418164668051446e-01 -8.996643521993645809e-01
-9.000421384103568512e-01 -8.996572456440837806e-01
-9.000424685241162903e-01 -8.996500385462854466e-01
-9.000428070524160162e-01 -8.996427290217478001e-01
-9.000431542356660541e-01 -8.996353151510433355e-01
-9.000435103106790846e-01 -8.996277949792512718e-01
-9.000438755109817501e-01 -8.996201665156534633e-01
-9.000442500671180790e-01 -8.996124277334091035e-01
-9.000446342069380323e-01 -8.996045765692081142e-01
-9.000450281558796117e-01 -8.995966109229061036e-01
-9.000454321372387545e-01 -8.995885286571398964e-01
-9.000458463724313463e-01 -8.995803275969228574e-01
-9.000462710812451306e-01 -8.995720055292232287e-01
-9.000467064820849572e-01 -8.995635602025215949e-01
-9.000471527922093706e-01 -8.995549893263519170e-01
-9.000476102279577617e-01 -8.995462905708231371e-01
-9.000480790049728563e-01 -8.995374615661233531e-01
-9.000485593384146554e-01 -8.995284999020046746e-01
-9.000490514431679356e-01 -8.995194031272519819e-01
-9.000495555340443099e-01 -8.995101687491331433e-01
-9.000500718259774047e-01 -8.995007942328316908e-01
-9.000506005342121529e-01 -8.994912770008615110e-01
-9.000511418744896464e-01 -8.994816144324654372e-01
-9.000516960632259922e-01 -8.994718038629949675e-01
-9.000522633176873954e-01 -8.994618425832724418e-01
-9.000528438561586908e-01 -8.994517278389381199e-01
-9.000534378981092098e-01 -8.994414568297766088e-01
-9.000540456643540965e-01 -8.994310267090298572e-01
-9.000546673772109596e-01 -8.994204345826892766e-01
-9.000553032606534165e-01 -8.994096775087717655e-01
-9.000559535404616396e-01 -8.993987524965788571e-01
-9.000566184443679063e-01 -8.993876565059382155e-01
-9.000572982022005952e-01 -8.993763864464268121e-01
-9.000579930460248512e-01 -8.993649391765775603e-01
-9.000587032102800311e-01 -8.993533115030676317e-01
-9.000594289319150398e-01 -8.993415001798893416e-01
-9.000601704505210021e-01 -8.993295019075023822e-01
-9.000609280084606034e-01 -8.993173133319697365e-01
-9.000617018509986522e-01 -8.993049310440731636e-01
-9.000624922264257588e-01 -8.992923515784133626e-01
-9.000632993861844566e-01 -8.992795714124880435e-01
-9.000641235849906607e-01 -8.992665869657547884e-01
-9.000649650809553481e-01 -8.992533945986733723e-01
-9.000658241357042399e-01 -8.992399906117303221e-01
-9.000667010144952629e-01 -8.992263712444433787e-01
-9.000675959863363440e-01 -8.992125326743467539e-01
-9.000685093241003187e-01 -8.991984710159586225e-01
-9.000694413046407272e-01 -8.991841823197258554e-01
-9.000703922089046127e-01 -8.991696625709517665e-01
-9.000713623220463200e-01 -8.991549076887032088e-01
-9.000723519335394052e-01 -8.991399135246955776e-01
-9.000733613372884356e-01 -8.991246758621592727e-01
-9.000743908317399011e-01 -8.991091904146835123e-01
-9.000754407199929030e-01 -8.990934528250416058e-01
-9.000765113099093995e-01 -8.990774586639921351e-01
-9.000776029142237844e-01 -8.990612034290600407e-01
-9.000787158506529106e-01 -8.990446825432951705e-01
-9.000798504420054469e-01 -8.990278913540089567e-01
-9.000810070162911236e-01 -8.990108251314895549e-01
-9.000821859068304231e-01 -8.989934790676908927e-01
-9.000833874523633815e-01 -8.989758482749025115e-01
-9.000846119971595005e-01 -8.989579277843939842e-01
-9.000858598911268826e-01 -8.989397125450353521e-01
-9.000871314899229203e-01 -8.989211974218935808e-01
-9.000884271550639859e-01 -8.989023771948055908e-01
-9.000897472540351218e-01 -8.988832465569247532e-01
-9.000910921604015069e-01 -8.988638001132441824e-01
-9.000924622539202558e-01 -8.988440323790918285e-01
-9.000938579206511081e-01 -8.988239377786017004e-01
-9.000952795530683392e-01 -8.988035106431578880e-01
-9.000967275501745579e-01 -8.987827452098123837e-01
-9.000982023176132829e-01 -8.987616356196749257e-01
-9.000997042677831850e-01 -8.987401759162758630e-01
-9.001012338199522178e-01 -8.987183600439008213e-01
-9.001027914003741914e-01 -8.986961818458962803e-01
-9.001043774424033472e-01 -8.986736350629472847e-01
-9.001059923866118195e-01 -8.986507133313258455e-01
-9.001076366809075413e-01 -8.986274101811079218e-01
-9.001093107806523719e-01 -8.986037190343624248e-01
-9.001110151487813349e-01 -8.985796332033073597e-01
-9.001127502559232996e-01 -8.985551458884357690e-01
-9.001145165805215509e-01 -8.985302501766104788e-01
-9.001163146089558031e-01 -8.985049390391252055e-01
-9.001181448356652126e-01 -8.984792053297340209e-01
-9.001200077632730556e-01 -8.984530417826477322e-01
-9.001219039027112956e-01 -8.984264410104944032e-01
-9.001238337733458161e-01 -8.983993955022484545e-01
-9.001257979031037637e-01 -8.983718976211229057e-01
-9.001277968286020004e-01 -8.983439396024262003e-01
-9.001298310952752235e-01 -8.983155135513841705e-01
-9.001319012575070833e-01 -8.982866114409245872e-01
-9.001340078787600785e-01 -8.982572251094240734e-01
-9.001361515317085615e-01 -8.982273462584188239e-01
-9.001383327983717431e-01 -8.981969664502748030e-01
-9.001405522702482509e-01 -8.981660771058209702e-01
-9.001428105484500231e-01 -8.981346695019406523e-01
-9.001451082438400864e-01 -8.981027347691251661e-01
-9.001474459771697800e-01 -8.980702638889841438e-01
-9.001498243792157572e-01 -8.980372476917157787e-01
-9.001522440909216494e-01 -8.980036768535341052e-01
-9.001547057635369553e-01 -8.979695418940537577e-01
-9.001572100587590386e-01 -8.979348331736309863e-01
-9.001597576488754582e-01 -8.978995408906597087e-01
-9.001623492169076313e-01 -8.978636550788230419e-01
-9.001649854567539411e-01 -8.978271656042995374e-01
-9.001676670733367303e-01 -8.977900621629220090e-01
-9.001703947827474073e-01 -8.977523342772891768e-01
-9.001731693123933287e-01 -8.977139712938303484e-01
-9.001759914011461250e-01 -8.976749623798194744e-01
-9.001788617994896935e-01 -8.976352965203412415e-01
-9.001817812696695231e-01 -8.975949625152064293e-01
-9.001847505858432408e-01 -8.975539489758156408e-01
-9.001877705342304914e-01 -8.975122443219707424e-01
-9.001908419132647055e-01 -8.974698367786351216e-01
-9.001939655337445334e-01 -8.974267143726387674e-01
-9.001971422189860572e-01 -8.973828649293290605e-01
-9.002003728049758902e-01 -8.973382760691668292e-01
-9.002036581405237214e-01 -8.972929352042653406e-01
-9.002069990874159711e-01 -8.972468295348730027e-01
-9.002103965205687786e-01 -8.971999460457973363e-01
-9.002138513281817689e-01 -8.971522715027701045e-01
-9.002173644118914853e-01 -8.971037924487531567e-01
-9.002209366869253770e-01 -8.970544952001835437e-01
-9.002245690822551216e-01 -8.970043658431555711e-01
-9.002282625407492800e-01 -8.969533902295411254e-01
-9.002320180193266186e-01 -8.969015539730463837e-01
-9.002358364891079878e-01 -8.968488424452031316e-01
-9.002397189355677565e-01 -8.967952407712957985e-01
-9.002436663586854682e-01 -8.967407338262203265e-01
-9.002476797730951663e-01 -8.966853062302760913e-01
-9.002517602082349413e-01 -8.966289423448884355e-01
-9.002559087084941458e-01 -8.965716262682628113e-01
-9.002601263333606108e-01 -8.965133418309660929e-01
-9.002644141575654180e-01 -8.964540725914372787e-01
-9.002687732712257862e-01 -8.963938018314248080e-01
-9.002732047799870685e-01 -8.963325125513506020e-01
-9.002777098051628624e-01 -8.962701874655960577e-01
-9.002822894838709011e-01 -8.962068089977156538e-01
-9.002869449691686121e-01 -8.961423592755700662e-01
-9.002916774301855662e-01 -8.960768201263815680e-01
-9.002964880522518198e-01 -8.960101730717101587e-01
-9.003013780370245911e-01 -8.959423993223470939e-01
-9.003063486026101625e-01 -8.958734797731289223e-01
-9.003114009836841181e-01 -8.958033949976652588e-01
-9.003165364316050301e-01 -8.957321252429839564e-01
-9.003217562145260366e-01 -8.956596504240887935e-01
-9.003270616175008678e-01 -8.955859501184322280e-01
-9.003324539425848760e-01 -8.955110035602977803e-01
-9.003379345089311814e-01 -8.954347896350945968e-01
-9.003435046528814878e-01 -8.953572868735597545e-01
-9.003491657280502380e-01 -8.952784734458698601e-01
-9.003549191054038836e-01 -8.951983271556580579e-01
-9.003607661733311618e-01 -8.951168254339366692e-01
-9.003667083377081548e-01 -8.950339453329247963e-01
-9.003727470219551332e-01 -8.949496635197780048e-01
-9.003788836670857387e-01 -8.948639562702187522e-01
-9.003851197317466193e-01 -8.947767994620678955e-01
-9.003914566922492924e-01 -8.946881685686749464e-01
-9.003978960425912392e-01 -8.945980386522451866e-01
-9.004044392944687836e-01 -8.945063843570628670e-01
-9.004110879772772025e-01 -8.944131799026097118e-01
-9.004178436381012895e-01 -8.943183990765760649e-01
-9.004247078416928174e-01 -8.942220152277647882e-01
-9.004316821704372309e-01 -8.941240012588852482e-01
-9.004387682243050195e-01 -8.940243296192367239e-01
-9.004459676207909880e-01 -8.939229722972799053e-01
-9.004532819948386502e-01 -8.938199008130948142e-01
-9.004607129987481917e-01 -8.937150862107237081e-01
-9.004682623020706655e-01 -8.936084990503978531e-01
-9.004759315914819817e-01 -8.935001094006470579e-01
-9.004837225706427972e-01 -8.933898868302901919e-01
-9.004916369600370896e-01 -8.932778004003048000e-01
-9.004996764967925227e-01 -8.931638186555762582e-01
-9.005078429344796076e-01 -8.930479096165225839e-01
-9.005161380428897688e-01 -8.929300407705964560e-01
-9.005245636077907623e-01 -8.928101790636598922e-01
-9.005331214306585563e-01 -8.926882908912333603e-01
-9.005418133283839000e-01 -8.925643420896163249e-01
-9.005506411329544658e-01 -8.924382979268776772e-01
-9.005596066911076836e-01 -8.923101230937161565e-01
-9.005687118639567057e-01 -8.921797816941874348e-01
-9.005779585265870635e-01 -8.920472372363005276e-01
-9.005873485676206824e-01 -8.919124526224760929e-01
-9.005968838887483674e-01 -8.917753901398720595e-01
-9.006065664042289809e-01 -8.916360114505709200e-01
-9.006163980403513181e-01 -8.914942775816293574e-01
-9.006263807348612316e-01 -8.913501489149890933e-01
-9.006365164363483444e-01 -8.912035851772467376e-01
-9.006468071035917955e-01 -8.910545454292843059e-01
-9.006572547048666832e-01 -8.909029880557550740e-01
-9.006678612172032139e-01 -8.907488707544282125e-01
-9.006786286256018847e-01 -8.905921505253885373e-01
-9.006895589222001508e-01 -8.904327836600922641e-01
-9.007006541053889093e-01 -8.902707257302766575e-01
-9.007119161788765815e-01 -8.901059315767224644e-01
-9.007233471507002376e-01 -8.899383552978702427e-01
-9.007349490321777674e-01 -8.897679502382899175e-01
-9.007467238368032092e-01 -8.895946689770001248e-01
-9.007586735790793497e-01 -8.894184633156400066e-01
-9.007708002732868202e-01 -8.892392842664912367e-01
-9.007831059321848022e-01 -8.890570820403518315e-01
-9.007955925656452312e-01 -8.888718060342596372e-01
-9.008082621792109501e-01 -8.886834048190659363e-01
-9.008211167725824753e-01 -8.884918261268588413e-01
-9.008341583380231610e-01 -8.882970168382381404e-01
-9.008473888586835399e-01 -8.880989229694392639e-01
-9.008608103068422857e-01 -8.878974896593085919e-01
-9.008744246420573587e-01 -8.876926611561299918e-01
-9.008882338092247810e-01 -8.874843808043029192e-01
-9.009022397365444856e-01 -8.872725910308726371e-01
-9.009164443333850247e-01 -8.870572333319123315e-01
-9.009308494880444718e-01 -8.868382482587627846e-01
-9.009454570654060745e-01 -8.866155754041231685e-01
-9.009602689044811097e-01 -8.863891533879999507e-01
-9.009752868158363848e-01 -8.861589198435143588e-01
-9.009905125789025027e-01 -8.859248114025684018e-01
-9.010059479391553383e-01 -8.856867636813731126e-01
-9.010215946051696179e-01 -8.854447112658373475e-01
-9.010374542455377167e-01 -8.851985876968263556e-01
-9.010535284856476812e-01 -8.849483254552846789e-01
-9.010698189043176987e-01 -8.846938559472315999e-01
-9.010863270302792438e-01 -8.844351094886290232e-01
-9.011030543385049052e-01 -8.841720152901271224e-01
-9.011200022463745629e-01 -8.839045014416881951e-01
-9.011371721096725906e-01 -8.836324948970969428e-01
-9.011545652184125288e-01 -8.833559214583553976e-01
-9.011721827924803474e-01 -8.830747057599718230e-01
-9.011900259770918575e-01 -8.827887712531455877e-01
-9.012080958380550566e-01 -8.824980401898543381e-01
-9.012263933568329666e-01 -8.822024336068446937e-01
-9.012449194253984164e-01 -8.819018713095390094e-01
-9.012636748408725529e-01 -8.815962718558584266e-01
-9.012826602999413073e-01 -8.812855525399702072e-01
-9.013018763930413790e-01 -8.809696293759672336e-01
-9.013213235983060789e-01 -8.806484170814853352e-01
-9.013410022752650352e-01 -8.803218290612658814e-01
-9.013609126582868836e-01 -8.799897773906745213e-01
-9.013810548497581676e-01 -8.796521727991800654e-01
-9.014014288129884589e-01 -8.793089246538062786e-01
-9.014220343648325917e-01 -8.789599409425639109e-01
-9.014428711680182449e-01 -8.786051282578741795e-01
-9.014639387231742074e-01 -8.782443917799932498e-01
-9.014852363605435626e-01 -8.778776352604501509e-01
-9.015067632313746859e-01 -8.775047610055085601e-01
-9.015285182989787316e-01 -8.771256698596650025e-01
-9.015505003294421726e-01 -8.767402611891971231e-01
-9.015727078819839591e-01 -8.763484328657747957e-01
-9.015951392989455249e-01 -8.759500812501497258e-01
-9.016177926954016542e-01 -8.755451011759354252e-01
-9.016406659483791053e-01 -8.751333859334984311e-01
-9.016637566856744446e-01 -8.747148272539704283e-01
-9.016870622742535479e-01 -8.742893152934062551e-01
-9.017105798082239998e-01 -8.738567386170976725e-01
-9.017343060963645129e-01 -8.734169841840692117e-01
-9.017582376491990459e-01 -8.729699373317706401e-01
-9.017823706656027394e-01 -8.725154817609888092e-01
-9.018067010189232402e-01 -8.720534995210006413e-01
-9.018312242426061998e-01 -8.715838709949881302e-01
-9.018559355153071833e-01 -8.711064748857395568e-01
-9.018808296454787765e-01 -8.706211882016636761e-01
-9.019059010554146827e-01 -8.701278862431364169e-01
-9.019311437647359320e-01 -8.696264425892141769e-01
-9.019565513733065476e-01 -8.691167290847334748e-01
-9.019821170435590174e-01 -8.685986158278327096e-01
-9.020078334822158039e-01 -8.680719711579210074e-01
-9.020336929213902399e-01 -8.675366616441261280e-01
-9.020596870990502669e-01 -8.669925520742559621e-01
-9.020858072388274751e-01 -8.664395054443037036e-01
-9.021120440291570119e-01 -8.658773829485340023e-01
-9.021383876017280423e-01 -8.653060439701840689e-01
-9.021648275092307712e-01 -8.647253460728182572e-01
-9.021913527023797119e-01 -8.641351449923749817e-01
-9.022179515062007660e-01 -8.635352946299448273e-01
-9.022446115955571333e-01 -8.629256470453212646e-01
-9.022713199699047282e-01 -8.623060524513685987e-01
-9.022980629272520092e-01 -8.616763592092482327e-01
-9.023248260373144536e-01 -8.610364138245527599e-01
-9.023515941138381402e-01 -8.603860609443925167e-01
-9.023783511860818951e-01 -8.597251433554832234e-01
-9.024050804694362382e-01 -8.590535019832872266e-01
-9.024317643351631446e-01 -8.583709758922573041e-01
-9.024583842792405219e-01 -8.576774022872382108e-01
-9.024849208902941955e-01 -8.569726165160810316e-01
-9.025113538165996374e-01 -8.562564520735258533e-01
-9.025376617321388961e-01 -8.555287406064120415e-01
-9.025638223016949624e-01 -8.547893119202742973e-01
-9.025898121449712486e-01 -8.540379939873881110e-01
-9.026156067997165300e-01 -8.532746129563247850e-01
-9.026411806838465779e-01 -8.524989931630839735e-01
-9.026665070565434990e-01 -8.517109571438652438e-01
-9.026915579783225674e-01 -8.509103256495527123e-01
-9.027163042700540041e-01 -8.500969176619742607e-01
-9.027407154709259363e-01 -8.492705504120137139e-01
-9.027647597953416536e-01 -8.484310393996428168e-01
-9.027884040887379502e-01 -8.475781984159489468e-01
-9.028116137823170018e-01 -8.467118395672336151e-01
-9.028343528466856727e-01 -8.458317733012590267e-01
-9.028565837443942588e-01 -8.449378084357181962e-01
-9.028782673813698922e-01 -8.440297521890086641e-01
-9.028993630572424989e-01 -8.431074102133928605e-01
-9.029198284145614206e-01 -8.421705866306226085e-01
-9.029396193869003717e-01 -8.412190840701117001e-01
-9.029586901458543924e-01 -8.402527037097395901e-01
-9.029769930469313532e-01 -8.392712453193722499e-01
-9.029944785743454494e-01 -8.382745073071816710e-01
-9.030110952847170136e-01 -8.372622867688515047e-01
-9.030267897496904173e-01 -8.362343795397547686e-01
-9.030415064974843808e-01 -8.351905802501883302e-01
-9.030551879533845749e-01 -8.341306823837527640e-01
-9.030677743792026035e-01 -8.330544783389595143e-01
-9.030792038117155807e-01 -8.319617594941579597e-01
-9.030894120001140557e-01 -8.308523162758600922e-01
-9.030983323424829345e-01 -8.297259382305530728e-01
-9.031058958213461496e-01 -8.285824141000824872e-01
-9.031120309383070532e-01 -8.274215319006885672e-01
-9.031166636478232812e-01 -8.262430790057757601e-01
-9.031197172901548331e-01 -8.250468422324972462e-01
-9.031211125235302228e-01 -8.238326079322317863e-01
-9.031207672555817689e-01 -8.226001620850281748e-01
-9.031185965740985422e-01 -8.213492903980899040e-01
-9.031145126771578102e-01 -8.200797784083717623e-01
-9.031084248026950423e-01 -8.187914115893533129e-01
-9.031002391575785326e-01 -8.174839754620529808e-01
-9.030898588462615839e-01 -8.161572557103440317e-01
-9.030771837990860806e-01 -8.148110383006236246e-01
-9.030621107003213854e-01 -8.134451096058887831e-01
-9.030445329160230461e-01 -8.120592565342611424e-01
-9.030243404218046832e-01 -8.106532666620015481e-01
-9.030014197306198698e-01 -8.092269283710450400e-01
-9.029756538206579197e-01 -8.077800309910858623e-01
-9.029469220634618321e-01 -8.063123649462283771e-01
-9.029151001523839648e-01 -8.048237219062183145e-01
-9.028800600314998981e-01 -8.033138949422545805e-01
-9.028416698251072736e-01 -8.017826786873798461e-01
-9.027997937679430596e-01 -8.002298695014334884e-01
-9.027542921362567974e-01 -7.986552656405416784e-01
-9.027050211798870460e-01 -7.970586674311141984e-01
-9.026518330554927916e-01 -7.954398774482983603e-01
-9.025945757610942533e-01 -7.937987006988365124e-01
-9.025330930720905087e-01 -7.921349448082577460e-01
-9.024672244789216924e-01 -7.904484202123225334e-01
-9.023968051265539581e-01 -7.887389403526279263e-01
-9.023216657559665066e-01 -7.870063218762646251e-01
-9.022416326478303050e-01 -7.852503848394063457e-01
-9.021565275685726748e-01 -7.834709529146928197e-01
-9.020661677190243699e-01 -7.816678536022606538e-01
-9.019703656858569785e-01 -7.798409184442504083e-01
-9.018689293960168163e-01 -7.779899832426113715e-01
-9.017616620743733602e-01 -7.761148882800062987e-01
-9.016483622047979374e-01 -7.742154785435984010e-01
-9.015288234948984902e-01 -7.722916039514908793e-01
-9.014028348446350147e-01 -7.703431195815703125e-01
-9.012701803190503735e-01 -7.683698859024862271e-01
-9.011306391253438575e-01 -7.663717690064832944e-01
-9.009839855945295239e-01 -7.643486408437842883e-01
-9.008299891679151239e-01 -7.623003794582030590e-01
-9.006684143886405369e-01 -7.602268692236527903e-01
-9.004990208985176325e-01 -7.581280010811907166e-01
-9.003215634404111434e-01 -7.560036727762280417e-01
-9.001357918664013580e-01 -7.538537890955152587e-01
-8.999414511519692184e-01 -7.516782621034941991e-01
-8.997382814164386344e-01 -7.494770113775930387e-01
-8.995260179499128261e-01 -7.472499642420243893e-01
-8.993043912469353973e-01 -7.449970559996303976e-01
-8.990731270471019609e-01 -7.427182301613035609e-01
-8.988319463828463585e-01 -7.404134386724992023e-01
-8.985805656346150805e-01 -7.380826421363405609e-01
-8.983186965936386104e-01 -7.357258100328080141e-01
-8.980460465325026398e-01 -7.333429209334890730e-01
-8.977623182837075611e-01 -7.309339627113590199e-01
-8.974672103263995337e-01 -7.284989327450526186e-01
-8.971604168814439895e-01 -7.260378381170821127e-01
-8.968416280149990039e-01 -7.235506958054457316e-01
-8.965105297507341975e-01 -7.210375328680738161e-01
-8.961668041908280591e-01 -7.184983866195545632e-01
-8.958101296458567120e-01 -7.159333047995816157e-01
-8.954401807736767083e-01 -7.133423457325668293e-01
-8.950566287273827859e-01 -7.107255784778686580e-01
-8.946591413124062031e-01 -7.080830829700873741e-01
-8.942473831527978367e-01 -7.054149501488918839e-01
-8.938210158667203586e-01 -7.027212820778523383e-01
-8.933796982511547080e-01 -7.000021920517636165e-01
-8.929230864758014308e-01 -6.972578046919621908e-01
-8.924508342861355858e-01 -6.944882560291579798e-01
-8.919625932155519354e-01 -6.916936935733192238e-01
-8.914580128065086040e-01 -6.888742763701763971e-01
-8.909367408405568511e-01 -6.860301750439332658e-01
-8.903984235771157385e-01 -6.831615718258003955e-01
-8.898427060008268219e-01 -6.802686605680018372e-01
-8.892692320772932479e-01 -6.773516467429330223e-01
-8.886776450169882047e-01 -6.744107474271843206e-01
-8.880675875470792624e-01 -6.714461912701842339e-01
-8.874387021909000417e-01 -6.684582184472535049e-01
-8.867906315547616769e-01 -6.654470805969042724e-01
-8.861230186217792237e-01 -6.624130407422589295e-01
-8.854355070523522997e-01 -6.593563731965136343e-01
-8.847277414909189286e-01 -6.562773634524109445e-01
-8.839993678785678100e-01 -6.531763080557416723e-01
-8.832500337710776916e-01 -6.500535144629374651e-01
-8.824793886619163308e-01 -6.469093008828737945e-01
-8.816870843097130983e-01 -6.437439961030436697e-01
-8.808727750696949688e-01 -6.405579393003251187e-01
-8.800361182285502126e-01 -6.373514798366053391e-01
-8.791767743421626813e-01 -6.341249770395854801e-01
-8.782944075756407010e-01 -6.308787999691320980e-01
-8.773886860450431646e-01 -6.276133271695985005e-01
-8.764592821601879802e-01 -6.243289464085849394e-01
-8.755058729679121576e-01 -6.210260544026536822e-01
-8.745281404951368298e-01 -6.177050565305632901e-01
-8.735257720910787338e-01 -6.143663665346318359e-01
-8.724984607679372450e-01 -6.110104062108780987e-01
-8.714459055393783959e-01 -6.076376050886291846e-01
-8.703678117561273186e-01 -6.042484001003299854e-01
-8.692638914379797743e-01 -6.008432352423078715e-01
-8.681338636015332177e-01 -5.974225612272939800e-01
-8.669774545829469492e-01 -5.939868351295178872e-01
-8.657943983550316913e-01 -5.905365200232248757e-01
-8.645844368379820288e-01 -5.870720846154815487e-01
-8.633473202030627069e-01 -5.835940028741549712e-01
-8.620828071685763261e-01 -5.801027536519585137e-01
-8.607906652874434128e-01 -5.765988203074718932e-01
-8.594706712257431658e-01 -5.730826903240452408e-01
-8.581226110315793854e-01 -5.695548549274939143e-01
-8.567462803936486404e-01 -5.660158087034915519e-01
-8.553414848889123734e-01 -5.624660492155565406e-01
-8.539080402187969598e-01 -5.589060766245178558e-01
-8.524457724333649455e-01 -5.553363933103242500e-01
-8.509545181429332139e-01 -5.517575034970459980e-01
-8.494341247166385944e-01 -5.481699128818884326e-01
-8.478844504674839522e-01 -5.445741282690104157e-01
-8.463053648234265536e-01 -5.409706572089107990e-01
-8.446967484841103602e-01 -5.373600076441032991e-01
-8.430584935628721022e-01 -5.337426875617701238e-01
-8.413905037136958365e-01 -5.301192046540387226e-01
-8.396926942428212248e-01 -5.264900659864794052e-01
-8.379649922047589516e-01 -5.228557776753828268e-01
-8.362073364824976762e-01 -5.192168445743213789e-01
-8.344196778517399826e-01 -5.155737699704515675e-01
-8.326019790290350997e-01 -5.119270552909623850e-01
-8.307542147037306757e-01 -5.082771998200237284e-01
-8.288763715537014187e-01 -5.046247004265349556e-01
-8.269684482448581564e-01 -5.009700513029210489e-01
-8.250304554144899383e-01 -4.973137437151717855e-01
-8.230624156385265566e-01 -4.936562657642657448e-01
-8.210643633828608179e-01 -4.899981021590703034e-01
-8.190363449389113093e-01 -4.863397340007565295e-01
-8.169784183436437086e-01 -4.826816385787218722e-01
-8.148906532843189776e-01 -4.790242891779612489e-01
-8.127731309882748612e-01 -4.753681548977866655e-01
-8.106259440980823072e-01 -4.717137004817467116e-01
-8.084491965324666074e-01 -4.680613861585614655e-01
-8.062430033334146984e-01 -4.644116674938459921e-01
-8.040074904999263694e-01 -4.607649952523604209e-01
-8.017427948089048684e-01 -4.571218152704943916e-01
-7.994490636237134851e-01 -4.534825683386608519e-01
-7.971264546909547777e-01 -4.498476900932492084e-01
-7.947751359260594173e-01 -4.462176109177645178e-01
-7.923952851883001580e-01 -4.425927558527583683e-01
-7.899870900458655365e-01 -4.389735445141408343e-01
-7.875507475316586570e-01 -4.353603910194507320e-01
-7.850864638904994086e-01 -4.317537039216485795e-01
-7.825944543184288893e-01 -4.281538861499917803e-01
-7.800749426948326848e-01 -4.245613349575453332e-01
-7.775281613081060916e-01 -4.209764418748844772e-01
-7.749543505756019135e-01 -4.173995926695416858e-01
-7.723537587586035702e-01 -4.138311673107614719e-01
-7.697266416730741412e-01 -4.102715399391289597e-01
-7.670732623969322983e-01 -4.067210788406505628e-01
-7.643938909746098576e-01 -4.031801464248759292e-01
-7.616888041196379078e-01 -3.996490992066658587e-01
-7.589582849160080302e-01 -3.961282877912244982e-01
-7.562026225190439099e-01 -3.926180568620346589e-01
-7.534221118565094244e-01 -3.891187451713517542e-01
-7.506170533306715242e-01 -3.856306855329340588e-01
-7.477877525220109067e-01 -3.821542048167075878e-01
-7.449345198952703750e-01 -3.786896239450864288e-01
-7.420576705084984681e-01 -3.752372578906917333e-01
-7.391575237257335118e-01 -3.717974156752381076e-01
-7.362344029339488172e-01 -3.683704003693764051e-01
-7.332886352648493311e-01 -3.649565090933090117e-01
-7.303205513220932810e-01 -3.615560330180157544e-01
-7.273304849144736073e-01 -3.581692573669507662e-01
-7.243187727955734401e-01 -3.547964614180970644e-01
-7.212857544103726815e-01 -3.514379185062844746e-01
-7.182317716492533366e-01 -3.480938960256996229e-01
-7.151571686098177061e-01 -3.447646554325376478e-01
-7.120622913668999132e-01 -3.414504522477657122e-01
-7.089474877511160456e-01 -3.381515360599850473e-01
-7.058131071362597764e-01 -3.348681505283981341e-01
-7.026595002358213549e-01 -3.316005333859048942e-01
-6.994870189088627788e-01 -3.283489164423624151e-01
-6.962960159754522094e-01 -3.251135255880633346e-01
-6.930868450418213866e-01 -3.218945807974940010e-01
-6.898598603353706116e-01 -3.186922961334510696e-01
-6.866154165496157757e-01 -3.155068797515995227e-01
-6.833538686991296185e-01 -3.123385339055669840e-01
-6.800755719844958636e-01 -3.091874549526762439e-01
-6.767808816672625793e-01 -3.060538333604221894e-01
-6.734701529548406951e-01 -3.029378537138043836e-01
-6.701437408952684027e-01 -2.998396947236304233e-01
-6.668020002817187653e-01 -2.967595292359074821e-01
-6.634452855666072013e-01 -2.936975242424381682e-01
-6.600739507851177690e-01 -2.906538408927387684e-01
-6.566883494879417471e-01 -2.876286345073952866e-01
-6.532888346829880399e-01 -2.846220545929706858e-01
-6.498757587858103868e-01 -2.816342448585727465e-01
-6.464494735784553914e-01 -2.786653432341879011e-01
-6.430103301764270585e-01 -2.757154818908829075e-01
-6.395586790034285540e-01 -2.727847872629667325e-01
-6.360948697735325785e-01 -2.698733800722025178e-01
-6.326192514804037659e-01 -2.669813753541493417e-01
-6.291321723931873056e-01 -2.641088824867076079e-01
-6.256339800586554478e-01 -2.612560052209333961e-01
-6.221250213091973347e-01 -2.584228417141780088e-01
-6.186056422762210572e-01 -2.556094845656011749e-01
-6.150761884085268472e-01 -2.528160208540971565e-01
-6.115370044952065376e-01 -2.500425321786629018e-01
-6.079884346926134331e-01 -2.472890947012297003e-01
-6.044308225549458458e-01 -2.445557791919696633e-01
-6.008645110679813328e-01 -2.418426510770787796e-01
-5.972898426855014486e-01 -2.391497704890301057e-01
-5.937071593679456027e-01 -2.364771923192806602e-01
-5.901168026228340580e-01 -2.338249662734077361e-01
-5.865191135465072092e-01 -2.311931369286406579e-01
-5.829144328667319463e-01 -2.285817437937462948e-01
-5.793031009857306790e-01 -2.259908213712187586e-01
-5.756854580232043661e-01 -2.234203992217158319e-01
-5.720618438589245569e-01 -2.208705020306767353e-01
-5.684325981744819956e-01 -2.183411496770500393e-01
-5.647980604937956617e-01 -2.158323573040534238e-01
-5.611585702219951122e-01 -2.133441353918808514e-01
-5.575144666823093065e-01 -2.108764898322678383e-01
-5.538660891506070882e-01 -2.084294220048189261e-01
-5.502137768872528145e-01 -2.060029288549991011e-01
-5.465578691659599420e-01 -2.035970029736846876e-01
-5.428987052993441420e-01 -2.012116326781670517e-01
-5.392366246608939484e-01 -1.988468020944983983e-01
-5.355719667031012543e-01 -1.965024912410671121e-01
-5.319050709715134051e-01 -1.941786761132877071e-01
-5.282362771144879510e-01 -1.918753287692888110e-01
-5.245659248884536607e-01 -1.895924174164810572e-01
-5.208943541585070447e-01 -1.873299064988875051e-01
-5.172219048941874009e-01 -1.850877567851170469e-01
-5.135489171603047076e-01 -1.828659254568631709e-01
-5.098757311027098948e-01 -1.806643661978108162e-01
-5.062026869289231179e-01 -1.784830292828338272e-01
-5.025301248835540857e-01 -1.763218616673691008e-01
-4.988583852184754752e-01 -1.741808070768538219e-01
-4.951878081577260615e-01 -1.720598060961151810e-01
-4.915187338571441189e-01 -1.699587962586038836e-01
-4.878515023587528532e-01 -1.678777121353662027e-01
-4.841864535399377223e-01 -1.658164854236525709e-01
-4.805239270574759858e-01 -1.637750450350627662e-01
-4.768642622864988634e-01 -1.617533171831339045e-01
-4.732077982544808381e-01 -1.597512254702781187e-01
-4.695548735703740095e-01 -1.577686909739836330e-01
-4.659058263490159502e-01 -1.558056323321956316e-01
-4.622609941309602788e-01 -1.538619658277978197e-01
-4.586207137978906001e-01 -1.519376054721204294e-01
-4.549853214837938920e-01 -1.500324630874047549e-01
-4.513551524820836325e-01 -1.481464483881584637e-01
-4.477305411488723963e-01 -1.462794690613415383e-01
-4.441118208026071934e-01 -1.444314308453265305e-01
-4.404993236202902618e-01 -1.426022376075822273e-01
-4.368933805305161289e-01 -1.407917914210332355e-01
-4.332943211035661935e-01 -1.389999926390544926e-01
-4.297024734388074085e-01 -1.372267399690629552e-01
-4.261181640496474743e-01 -1.354719305446731026e-01
-4.225417177463068330e-01 -1.337354599963888613e-01
-4.189734575166675912e-01 -1.320172225208068595e-01
-4.154137044054684313e-01 -1.303171109483120538e-01
-4.118627773921097468e-01 -1.286350168092497415e-01
-4.083209932673413367e-01 -1.269708303985618847e-01
-4.047886665091010583e-01 -1.253244408388807796e-01
-4.012661091577731654e-01 -1.236957361420750051e-01
-3.977536306911349517e-01 -1.220846032692480682e-01
-3.942515378992564878e-01 -1.204909281891913680e-01
-3.907601347596173502e-01 -1.189145959352985310e-01
-3.872797223126962507e-01 -1.173554906609496629e-01
-3.838105985382899155e-01 -1.158134956933771498e-01
-3.803530582328107368e-01 -1.142884935860281059e-01
-3.769073928878036717e-01 -1.127803661694401494e-01
-3.734738905699211964e-01 -1.112889946006497405e-01
-3.700528358025858555e-01 -1.098142594111547327e-01
-3.666445094495602852e-01 -1.083560405534544635e-01
-3.632491886006415371e-01 -1.069142174461922695e-01
-3.598671464596837621e-01 -1.054886690179275277e-01
-3.564986522351460407e-01 -1.040792737495647990e-01
-3.531439710333530435e-01 -1.026859097154698419e-01
-3.498033637546459906e-01 -1.013084546233025268e-01
-3.464770869925939412e-01 -9.994678585259823833e-02
-3.431653929364207323e-01 -9.860078049212936402e-02
-3.398685292767985033e-01 -9.727031537607973288e-02
-3.365867391151435295e-01 -9.595526711906510187e-02
-3.333202608765431507e-01 -9.465551215003267793e-02
-3.300693282264291484e-01 -9.337092674507374568e-02
-3.268341699911055942e-01 -9.210138705918237412e-02
-3.236150100822263176e-01 -9.084676915699407829e-02
-3.204120674253071455e-01 -8.960694904253770077e-02
-3.172255558923490204e-01 -8.838180268803350059e-02
-3.140556842386351688e-01 -8.717120606177015951e-02
-3.109026560437596065e-01 -8.597503515509291594e-02
-3.077666696569294480e-01 -8.479316600853457897e-02
-3.046479181465769903e-01 -8.362547473712027279e-02
-3.015465892543076065e-01 -8.247183755487647039e-02
-2.984628653531984366e-01 -8.133213079857401495e-02
-2.953969234104562025e-01 -8.020623095073377284e-02
-2.923489349544309834e-01 -7.909401466192308994e-02
-2.893190660459777352e-01 -7.799535877237001591e-02
-2.863074772541449042e-01 -7.691014033292183083e-02
-2.833143236361652662e-01 -7.583823662537274302e-02
-2.803397547217145180e-01 -7.477952518218551614e-02
-2.773839145013972107e-01 -7.373388380563013211e-02
-2.744469414194108947e-01 -7.270119058636177745e-02
-2.715289683703341894e-01 -7.168132392145999676e-02
-2.686301226999793790e-01 -7.067416253194890030e-02
-2.657505262102403121e-01 -6.967958547981797923e-02
-2.628902951678662725e-01 -6.869747218456236093e-02
-2.600495403170828834e-01 -6.772770243925922695e-02
-2.572283668959783887e-01 -6.677015642619775482e-02
-2.544268746565696016e-01 -6.582471473207737733e-02
-2.516451578884560947e-01 -6.489125836278961112e-02
-2.488833054459692329e-01 -6.396966875779687423e-02
-2.461414007787185443e-01 -6.305982780412143496e-02
-2.434195219654347042e-01 -6.216161784995639927e-02
-2.407177417510058259e-01 -6.127492171790987346e-02
-2.380361275866020310e-01 -6.039962271789321019e-02
-2.353747416727801633e-01 -5.953560465966255266e-02
-2.327336410054596516e-01 -5.868275186502296126e-02
-2.301128774246586350e-01 -5.784094917970342142e-02
-2.275124976658785825e-01 -5.701008198491030327e-02
-2.249325434140243551e-01 -5.619003620856646147e-02
-2.223730513597466374e-01 -5.538069833624230387e-02
-2.198340532580930762e-01 -5.458195542178483073e-02
-2.173155759893536099e-01 -5.379369509765008495e-02
-2.148176416219875484e-01 -5.301580558494393275e-02
-2.123402674775173860e-01 -5.224817570317560889e-02
-2.098834661972789062e-01 -5.149069487972820353e-02
-2.074472458109128947e-01 -5.074325315904969214e-02
-2.050316098064899895e-01 -5.000574121156798474e-02
-2.026365572021569528e-01 -4.927805034233292969e-02
-2.002620826191969794e-01 -4.856007249938811693e-02
-1.979081763563965701e-01 -4.785170028187495789e-02
-1.955748244656132229e-01 -4.715282694787124862e-02
-1.932620088284408844e-01 -4.646334642196642967e-02
-1.909697072338709389e-01 -4.578315330257521493e-02
-1.886978934568487309e-01 -4.511214286899169201e-02
-1.864465373376280599e-01 -4.445021108818512923e-02
-1.842156048618286968e-01 -4.379725462133927244e-02
-1.820050582411023021e-01 -4.315317083013648497e-02
-1.798148559943168190e-01 -4.251785778278796557e-02
-1.776449530291706325e-01 -4.189121425981168906e-02
-1.754953007241497609e-01 -4.127313975955899245e-02
-1.733658470107457550e-01 -4.066353450349136089e-02
-1.712565364558517045e-01 -4.006229944120856534e-02
-1.691673103442591919e-01 -3.946933625522949102e-02
-1.670981067611796711e-01 -3.888454736552698909e-02
-1.650488606747175513e-01 -3.830783593381804214e-02
-1.630195040182236266e-01 -3.773910586761080460e-02
-1.610099657724620437e-01 -3.717826182400996160e-02
-1.590201720475243885e-01 -3.662520921328176610e-02
-1.570500461644291357e-01 -3.607985420218064870e-02
-1.550995087363460923e-01 -3.554210371703890592e-02
-1.531684777493881600e-01 -3.501186544662128475e-02
-1.512568686429162090e-01 -3.448904784474650376e-02
-1.493645943893047445e-01 -3.397356013267740366e-02
-1.474915655731176833e-01 -3.346531230128203110e-02
-1.456376904696485564e-01 -3.296421511296764723e-02
-1.438028751227790891e-01 -3.247018010339016575e-02
-1.419870234221150829e-01 -3.198311958294106083e-02
-1.401900371793584898e-01 -3.150294663801453399e-02
-1.384118162038787681e-01 -3.102957513205727158e-02
-1.366522583774483213e-01 -3.056291970640359970e-02
-1.349112597281084402e-01 -3.010289578089878418e-02
-1.331887145031357134e-01 -2.964941955431327561e-02
-1.314845152410796802e-01 -2.920240800455091781e-02
-1.297985528428451107e-01 -2.876177888865416934e-02
-1.281307166417944843e-01 -2.832745074260946752e-02
-1.264808944728482987e-01 -2.789934288095587828e-02
-1.248489727405622668e-01 -2.747737539620052905e-02
-1.232348364861626799e-01 -2.706146915804399922e-02
-1.216383694535231319e-01 -2.665154581241920353e-02
-1.200594541540670884e-01 -2.624752778034735584e-02
-1.184979719305831736e-01 -2.584933825661449996e-02
-1.169538030199407108e-01 -2.545690120827230271e-02
-1.154268266146959709e-01 -2.507014137296682474e-02
-1.139169209235795094e-01 -2.468898425709897815e-02
-1.124239632308580566e-01 -2.431335613382051494e-02
-1.109478299545641894e-01 -2.394318404086939051e-02
-1.094883967035902572e-01 -2.357839577824831848e-02
-1.080455383336421105e-01 -2.321891990575053119e-02
-1.066191290020516991e-01 -2.286468574033652043e-02
-1.052090422214468218e-01 -2.251562335336593224e-02
-1.038151509122789001e-01 -2.217166356768839747e-02
-1.024373274542098866e-01 -2.183273795459739902e-02
-1.010754437363606123e-01 -2.149877883065115167e-02
-9.972937120642429154e-02 -2.116971925436443233e-02
-9.839898091864900109e-02 -2.084549302277547561e-02
-9.708414358069493433e-02 -2.052603466789184802e-02
-9.578472959937178732e-02 -2.021127945301932904e-02
-9.450060912526370149e-02 -1.990116336897772287e-02
-9.323165209624874328e-02 -1.959562313020764626e-02
-9.197772827992178879e-02 -1.929459617077215750e-02
-9.073870731492920949e-02 -1.899802064025719189e-02
-8.951445875122511497e-02 -1.870583539957467248e-02
-8.830485208925938079e-02 -1.841798001667214676e-02
-8.710975681810793902e-02 -1.813439476215280427e-02
-8.592904245255640616e-02 -1.785502060480964603e-02
-8.476257856914903854e-02 -1.757979920707756008e-02
-8.361023484121470062e-02 -1.730867292040703248e-02
-8.247188107288246084e-02 -1.704158478056314735e-02
-8.134738723209963829e-02 -1.677847850285349093e-02
-8.023662348266544231e-02 -1.651929847728853332e-02
-7.913946021529350006e-02 -1.626398976367802660e-02
-7.805576807771748282e-02 -1.601249808666686120e-02
-7.698541800385305667e-02 -1.576476983071383939e-02
-7.592828124203115925e-02 -1.552075203501664981e-02
-7.488422938231620307e-02 -1.528039238838645002e-02
-7.385313438292462340e-02 -1.504363922407518997e-02
-7.283486859575769024e-02 -1.481044151455894985e-02
-7.182930479106391930e-02 -1.458074886628035575e-02
-7.083631618124584806e-02 -1.435451151435317672e-02
-6.985577644382615081e-02 -1.413168031723203814e-02
-6.888755974358830303e-02 -1.391220675135028048e-02
-6.793154075390674118e-02 -1.369604290572875097e-02
-6.698759467728197803e-02 -1.348314147655835758e-02
-6.605559726509545315e-02 -1.327345576175915226e-02
-6.513542483659955085e-02 -1.306693965551857482e-02
-6.422695429715784277e-02 -1.286354764281151357e-02
-6.333006315575058498e-02 -1.266323479390468396e-02
-6.244462954176067254e-02 -1.246595675884784767e-02
-6.157053222105494938e-02 -1.227166976195423129e-02
-6.070765061137570195e-02 -1.208033059627254026e-02
-5.985586479705745644e-02 -1.189189661805284404e-02
-5.901505554308347778e-02 -1.170632574120850262e-02
-5.818510430849687526e-02 -1.152357643177636531e-02
-5.736589325918069887e-02 -1.134360770237726607e-02
-5.655730528002146651e-02 -1.116637910667885557e-02
-5.575922398647041589e-02 -1.099185073386276315e-02
-5.497153373551653954e-02 -1.081998320309795515e-02
-5.419411963608556509e-02 -1.065073765802213544e-02
-5.342686755887846028e-02 -1.048407576123296103e-02
-5.266966414566340987e-02 -1.031995968879081613e-02
-5.192239681803456630e-02 -1.015835212473476142e-02
-5.118495378565117437e-02 -9.999216255613287488e-03
-5.045722405396992766e-02 -9.842515765031398939e-03
-4.973909743148392099e-02 -9.688214828215500202e-03
-4.903046453648075148e-02 -9.536278106597542020e-03
-4.833121680333260506e-02 -9.386670742419778168e-03
-4.764124648833065190e-02 -9.239358353361445605e-03
-4.696044667507615761e-02 -9.094307027188630946e-03
-4.628871127944027275e-02 -8.951483316428579182e-03
-4.562593505410451888e-02 -8.810854233069516719e-03
-4.497201359269362153e-02 -8.672387243287185687e-03
-4.432684333351218087e-02 -8.536050262199100860e-03
-4.369032156289649055e-02 -8.401811648647568298e-03
-4.306234641819278730e-02 -8.269640200012386838e-03
-4.244281689037260330e-02 -8.139505147054209092e-03
-4.183163282629609458e-02 -8.011376148789387669e-03
-4.122869493063397589e-02 -7.885223287397172265e-03
-4.063390476745816493e-02 -7.761017063160000062e-03
-4.004716476151146815e-02 -7.638728389437686103e-03
-3.946837819916623052e-02 -7.518328587676148533e-03
-3.889744922908164315e-02 -7.399789382451384297e-03
-3.833428286256927026e-02 -7.283082896549285083e-03
-3.777878497367630206e-02 -7.168181646081905889e-03
-3.723086229899545685e-02 -7.055058535640723084e-03
-3.669042243721087199e-02 -6.943686853487390266e-03
-3.615737384838841467e-02 -6.834040266782481082e-03
-3.563162585301928725e-02 -6.726092816852671796e-03
-3.511308863082529541e-02 -6.619818914496751298e-03
-3.460167321933396711e-02 -6.515193335330860154e-03
-3.409729151223164084e-02 -6.412191215173303031e-03
-3.359985625750243343e-02 -6.310788045469249360e-03
-3.310928105536068561e-02 -6.210959668755623199e-03
-3.262548035598461516e-02 -6.112682274166423430e-03
-3.214836945705833865e-02 -6.015932392978739704e-03
-3.167786450112952679e-02 -5.920686894199653216e-03
-3.121388247278981259e-02 -5.826922980194202718e-03
-3.075634119568461736e-02 -5.734618182354600524e-03
-3.030515932935930190e-02 -5.643750356810783506e-03
-2.986025636594796806e-02 -5.554297680182480358e-03
-2.942155262671142940e-02 -5.466238645372821156e-03
-2.898896925843047825e-02 -5.379552057403599354e-03
-2.856242822966058303e-02 -5.294217029292210518e-03
-2.814185232685382371e-02 -5.210212977970320701e-03
-2.772716515035393223e-02 -5.127519620244240170e-03
-2.731829111026999601e-02 -5.046116968797027640e-03
-2.691515542223424026e-02 -4.965985328232281650e-03
-2.651768410304931878e-02 -4.887105291159569639e-03
-2.612580396623022383e-02 -4.809457734321449622e-03
-2.573944261744587694e-02 -4.733023814762004657e-03
-2.535852844986529950e-02 -4.657784966036796447e-03
-2.498299063941320647e-02 -4.583722894464139185e-03
-2.461275913993956482e-02 -4.510819575417560068e-03
-2.424776467830778992e-02 -4.439057249659346741e-03
-2.388793874940580222e-02 -4.368418419715000382e-03
-2.353321361108436788e-02 -4.298885846288474748e-03
-2.318352227902675464e-02 -4.230442544718002532e-03
-2.283879852155390466e-02 -4.163071781472354668e-03
-2.249897685436886077e-02 -4.096757070687335675e-03
-2.216399253524437701e-02 -4.031482170742312944e-03
-2.183378155865739467e-02 -3.967231080876577887e-03
-2.150828065037391212e-02 -3.903988037845324693e-03
-2.118742726198784981e-02 -3.841737512615021628e-03
-2.087115956541717512e-02 -3.780464207097930258e-03
-2.055941644736060392e-02 -3.720153050925557956e-03
-2.025213750371812962e-02 -3.660789198260767843e-03
-1.994926303397835665e-02 -3.602358024648313721e-03
-1.965073403557566697e-02 -3.544845123903531559e-03
-1.935649219822018971e-02 -3.488236305038919065e-03
-1.906647989820322089e-02 -3.432517589228338811e-03
-1.878064019268096269e-02 -3.377675206808567355e-03
-1.849891681393914938e-02 -3.323695594317897187e-03
-1.822125416364108949e-02 -3.270565391571527390e-03
-1.794759730706158712e-02 -3.218271438773428594e-03
-1.767789196730916446e-02 -3.166800773664406841e-03
-1.741208451953889583e-02 -3.116140628706060619e-03
-1.715012198515796296e-02 -3.066278428300329637e-03
-1.689195202602623153e-02 -3.017201786044334828e-03
-1.663752293865385784e-02 -2.968898502020196010e-03
-1.638678364839789292e-02 -2.921356560119534040e-03
-1.613968370365990307e-02 -2.874564125402325702e-03
-1.589617327008642500e-02 -2.828509541489814677e-03
-1.565620312477407003e-02 -2.783181327991151623e-03
-1.541972465048097388e-02 -2.738568177963451953e-03
-1.518668982984637018e-02 -2.694658955404962992e-03
-1.495705123961977440e-02 -2.651442692780996147e-03
-1.473076204490142427e-02 -2.608908588582330938e-03
-1.450777599339540987e-02 -2.567046004915758683e-03
-1.428804740967698148e-02 -2.525844465126441882e-03
-1.407153118947539021e-02 -2.485293651451770530e-03
-1.385818279397356585e-02 -2.445383402706401837e-03
-1.364795824412599196e-02 -2.406103711998141149e-03
-1.344081411499588319e-02 -2.367444724474367015e-03
-1.323670753011294693e-02 -2.329396735098660399e-03
-1.303559615585278206e-02 -2.291950186457326205e-03
-1.283743819583904947e-02 -2.255095666595483168e-03
-1.264219238536940654e-02 -2.218823906882405519e-03
-1.244981798586622564e-02 -2.183125779905792894e-03
-1.226027477935299516e-02 -2.147992297394652784e-03
-1.207352306295737983e-02 -2.113414608170478912e-03
-1.188952364344174686e-02 -2.079383996126410276e-03
-1.170823783176198375e-02 -2.045891878234052091e-03
-1.152962743765542294e-02 -2.012929802577647243e-03
-1.135365476425859513e-02 -1.980489446415289057e-03
-1.118028260275552924e-02 -1.948562614266862239e-03
-1.100947422705727055e-02 -1.917141236028400628e-03
-1.084119338851326914e-02 -1.886217365112560339e-03
-1.067540431065521975e-02 -1.855783176614893672e-03
-1.051207168397396037e-02 -1.825830965505631032e-03
-1.035116066072994633e-02 -1.796353144846659505e-03
-1.019263684979782730e-02 -1.767342244033404466e-03
-1.003646631154561826e-02 -1.738790907061308916e-03
-9.882615552748857946e-03 -1.710691890816623019e-03
-9.731051521540294569e-03 -1.683038063391203510e-03
-9.581741602395379628e-03 -1.655822402421033932e-03
-9.434653611154017461e-03 -1.629037993448172530e-03
-9.289755790078889700e-03 -1.602678028305848292e-03
-9.147016802950685976e-03 -1.576735803526408937e-03
-9.006405730200530563e-03 -1.551204718771846984e-03
-8.867892064079905060e-03 -1.526078275286617009e-03
-8.731445703868278771e-03 -1.501350074372472410e-03
-8.597036951118713910e-03 -1.477013815885036942e-03
-8.464636504941650333e-03 -1.453063296751847368e-03
-8.334215457327050214e-03 -1.429492409511588357e-03
-8.205745288505088275e-03 -1.406295140874253783e-03
-8.079197862345521147e-03 -1.383465570301969884e-03
-7.954545421795881574e-03 -1.360997868610214429e-03
-7.831760584358622365e-03 -1.338886296589173212e-03
-7.710816337607286422e-03 -1.317125203644968663e-03
-7.591686034741808656e-03 -1.295709026460516427e-03
-7.474343390182997503e-03 -1.274632287675744055e-03
-7.358762475206261956e-03 -1.253889594586927222e-03
-7.244917713614617075e-03 -1.233475637864896906e-03
-7.132783877450971435e-03 -1.213385190291863631e-03
-7.022336082749748576e-03 -1.193613105516626522e-03
-6.913549785327780840e-03 -1.174154316827913684e-03
-6.806400776614505987e-03 -1.155003835945630358e-03
-6.700865179521408449e-03 -1.136156751829766557e-03
-6.596919444350678348e-03 -1.117608229506735417e-03
-6.494540344743017155e-03 -1.099353508912916328e-03
-6.393704973664550081e-03 -1.081387903755169719e-03
-6.294390739432740266e-03 -1.063706800388099965e-03
-6.196575361781257035e-03 -1.046305656707842598e-03
-6.100236867963649938e-03 -1.029180001062159891e-03
-6.005353588895787770e-03 -1.012325431176619482e-03
-5.911904155336892598e-03 -9.957376130966502821e-04
-5.819867494109084646e-03 -9.794122801452553352e-04
-5.729222824355285383e-03 -9.633452318961763065e-04
-5.639949653835350449e-03 -9.475323331623009774e-04
-5.552027775260285833e-03 -9.319695129991072179e-04
-5.465437262664383372e-03 -9.166527637229438322e-04
-5.380158467815136791e-03 -9.015781399439455309e-04
-5.296172016660757008e-03 -8.867417576133883924e-04
-5.213458805815094146e-03 -8.721397930852839344e-04
-5.131999999079836158e-03 -8.577684821920293244e-04
-5.051777024003748992e-03 -8.436241193339128266e-04
-4.972771568478800454e-03 -8.297030565822962429e-04
-4.894965577372961327e-03 -8.160017027962820088e-04
-4.818341249199468643e-03 -8.025165227526860536e-04
-4.742881032822368094e-03 -7.892440362891350349e-04
-4.668567624198127416e-03 -7.761808174601095983e-04
-4.595383963153072682e-03 -7.633234937057579127e-04
-4.523313230196469685e-03 -7.506687450333061158e-04
-4.452338843369006705e-03 -7.382133032108958862e-04
-4.382444455126446176e-03 -7.259539509736784866e-04
-4.313613949258253595e-03 -7.138875212419989623e-04
-4.245831437840921763e-03 -7.020108963515088408e-04
-4.179081258225788263e-03 -6.903210072950420996e-04
-4.113347970061103330e-03 -6.788148329760973010e-04
-4.048616352348106961e-03 -6.674893994737673844e-04
-3.984871400530858553e-03 -6.563417793189612074e-04
-3.922098323619598731e-03 -6.453690907817664565e-04
-3.860282541347381021e-03 -6.345684971698004051e-04
-3.799409681359725705e-03 -6.239372061374009581e-04
-3.739465576437053015e-03 -6.134724690055112914e-04
-3.680436261749635892e-03 -6.031715800921151876e-04
-3.622307972144819897e-03 -5.930318760530783277e-04
-3.565067139466269585e-03 -5.830507352332577357e-04
-3.508700389904962063e-03 -5.732255770277404914e-04
-3.453194541381693090e-03 -5.635538612530752080e-04
-3.398536600960823384e-03 -5.540330875283631376e-04
-3.344713762295015765e-03 -5.446607946660774954e-04
-3.291713403100705090e-03 -5.354345600724805775e-04
-3.239523082664035134e-03 -5.263519991575101899e-04
-3.188130539377008726e-03 -5.174107647540113599e-04
-3.137523688303587004e-03 -5.086085465461887521e-04
-3.087690618775487585e-03 -4.999430705071571676e-04
-3.038619592017407969e-03 -4.914120983454711884e-04
-2.990299038801424829e-03 -4.830134269605167109e-04
-2.942717557130309844e-03 -4.747448879066455945e-04
-2.895863909949492748e-03 -4.666043468659435947e-04
-2.849727022887428747e-03 -4.585897031295149218e-04
-2.804295982024094039e-03 -4.506988890871767382e-04
-2.759560031687366584e-03 -4.429298697254531155e-04
-2.715508572277029308e-03 -4.352806421337623616e-04
-2.672131158116132065e-03 -4.277492350186933088e-04
-2.629417495329475132e-03 -4.203337082262669682e-04
-2.587357439748937116e-03 -4.130321522720833689e-04
-2.545940994845407018e-03 -4.058426878792535122e-04
-2.505158309687069342e-03 -3.987634655240192391e-04
-2.464999676923779887e-03 -3.917926649889658217e-04
-2.425455530797287606e-03 -3.849284949237319190e-04
-2.386516445177055794e-03 -3.781691924131264245e-04
-2.348173131621426272e-03 -3.715130225525605325e-04
-2.310416437463890665e-03 -3.649582780307067723e-04
-2.273237343924208124e-03 -3.585032787192980004e-04
-2.236626964244140502e-03 -3.521463712699813512e-04
-2.200576541847552598e-03 -3.458859287181423607e-04
-2.165077448524637630e-03 -3.397203500936197911e-04
-2.130121182640033316e-03 -3.336480600382279982e-04
-2.095699367364582677e-03 -3.276675084300106227e-04
-2.061803748930507527e-03 -3.217771700141481921e-04
-2.028426194909763083e-03 -3.159755440404431984e-04
-1.995558692515329077e-03 -3.102611539073109304e-04
-1.963193346925223154e-03 -3.046325468122032575e-04
-1.931322379628990209e-03 -2.990882934083949449e-04
-1.899938126796450397e-03 -2.936269874680642509e-04
-1.869033037668478558e-03 -2.882472455516006931e-04
-1.838599672969586747e-03 -2.829477066830741192e-04
-1.808630703342092557e-03 -2.777270320318021976e-04
-1.779118907801652532e-03 -2.725839045999534451e-04
-1.750057172213939465e-03 -2.675170289161257265e-04
-1.721438487792253903e-03 -2.625251307348398897e-04
-1.693255949615847826e-03 -2.576069567418935139e-04
-1.665502755168757516e-03 -2.527612742655164948e-04
-1.638172202898929885e-03 -2.479868709932757202e-04
-1.611257690797434717e-03 -2.432825546946757638e-04
-1.584752714997564879e-03 -2.386471529494043698e-04
-1.558650868393611109e-03 -2.340795128811731525e-04
-1.532945839279117525e-03 -2.295785008971058057e-04
-1.507631410004418382e-03 -2.251430024326274459e-04
-1.482701455653254825e-03 -2.207719217018099585e-04
-1.458149942738286688e-03 -2.164641814531302242e-04
-1.433970927915296590e-03 -2.122187227305995900e-04
-1.410158556715906345e-03 -2.080345046402246349e-04
-1.386707062298613144e-03 -2.039105041217601963e-04
-1.363610764217963560e-03 -1.998457157257179859e-04
-1.340864067211677401e-03 -1.958391513955951772e-04
-1.318461460005552685e-03 -1.918898402552896281e-04
-1.296397514135960282e-03 -1.879968284016683960e-04
-1.274666882789763419e-03 -1.841591787022597870e-04
-1.253264299661486190e-03 -1.803759705980395014e-04
-1.232184577827557387e-03 -1.766462999112830936e-04
-1.211422608637469176e-03 -1.729692786584589685e-04
-1.190973360621676302e-03 -1.693440348681376302e-04
-1.170831878416082276e-03 -1.657697124038939244e-04
-1.150993281702941901e-03 -1.622454707921818667e-04
-1.131452764168035512e-03 -1.587704850551614549e-04
-1.112205592473946214e-03 -1.553439455484605265e-04
-1.093247105249295923e-03 -1.519650578038542318e-04
-1.074572712093786915e-03 -1.486330423768485968e-04
-1.056177892598904452e-03 -1.453471346991541365e-04
-1.038058195384130439e-03 -1.421065849360383514e-04
-1.020209237148529766e-03 -1.389106578485472122e-04
-1.002626701737569914e-03 -1.357586326605882891e-04
-9.853063392250330753e-04 -1.326498029308677458e-04
-9.682439650098908232e-04 -1.295834764296772675e-04
-9.514354589280078333e-04 -1.265589750205281321e-04
-9.348767643785426242e-04 -1.235756345466300658e-04
-9.185638874649258278e-04 -1.206328047222162786e-04
-9.024928961502851283e-04 -1.177298490287161716e-04
-8.866599194272014022e-04 -1.148661446157799167e-04
-8.710611465016748463e-04 -1.120410822071599908e-04
-8.556928259911867089e-04 -1.092540660114579181e-04
-8.405512651367439770e-04 -1.065045136377446640e-04
-8.256328290287969721e-04 -1.037918560160661731e-04
-8.109339398469238205e-04 -1.011155373228467762e-04
-7.964510761131766287e-04 -9.847501491120502380e-05
-7.821807719589877767e-04 -9.586975924619874827e-05
-7.681196164055374481e-04 -9.329925384501774855e-05
-7.542642526574899146e-04 -9.076299522214449167e-05
-7.406113774100014317e-04 -8.826049283950532936e-05
-7.271577401689130081e-04 -8.579126906163579735e-05
-7.139001425840390365e-04 -8.335485911588721075e-05
-7.008354377954698197e-04 -8.095081105770243323e-05
-6.879605297928053764e-04 -7.857868574099079802e-05
-6.752723727872437642e-04 -7.623805679363473400e-05
-6.627679705964474848e-04 -7.392851059816273713e-05
-6.504443760421165215e-04 -7.164964627762487241e-05
-6.382986903602003549e-04 -6.940107568670964803e-05
-6.263280626236801107e-04 -6.718242340814291910e-05
-6.145296891778623998e-04 -6.499332675441187761e-05
-6.029008130881206677e-04 -6.283343577485944796e-05
-5.914387236000296245e-04 -6.070241326819648150e-05
-5.801407556118404977e-04 -5.859993480048140643e-05
-5.690042891592440909e-04 -5.652568872861951025e-05
-5.580267489123775203e-04 -5.447937622943632930e-05
-5.472056036850284425e-04 -5.246071133438192345e-05
-5.365383659559993688e-04 -5.046942096992510494e-05
-5.260225914025908663e-04 -4.850524500369948159e-05
-5.156558784461743716e-04 -4.656793629646562130e-05
-5.054358678098198150e-04 -4.465726075995577230e-05
-4.953602420879545283e-04 -4.277299742067069743e-05
-4.854267253280280647e-04 -4.091493848970038992e-05
-4.756330826241627653e-04 -3.908288943864339927e-05
-4.659771197227746231e-04 -3.727666908170199637e-05
-4.564566826401489385e-04 -3.549610966403321895e-05
-4.470696572919653474e-04 -3.374105695643879325e-05
-4.378139691347612155e-04 -3.201137035647933285e-05
-4.286875828193354061e-04 -3.030692299610171625e-05
-4.196885018560909020e-04 -2.862760185587109863e-05
-4.108147682923243599e-04 -2.697330788590183287e-05
-4.020644624014682892e-04 -2.534395613358538272e-05
-3.934357023843005458e-04 -2.373947587821537787e-05
-3.849266440821378374e-04 -2.215981077261417227e-05
-3.765354807020327029e-04 -2.060491899186732344e-05
-3.682604425539999851e-04 -1.907477338927700839e-05
-3.600997968002993613e-04 -1.756936165964754633e-05
-3.520518472168081368e-04 -1.608868651002027817e-05
-3.441149339665196477e-04 -1.463276583797831496e-05
-3.362874333852097731e-04 -1.320163291764510350e-05
-3.285677577793149240e-04 -1.179533659350441112e-05
-3.209543552360719803e-04 -1.041394148217321301e-05
-3.134457094459724871e-04 -9.057528182261978872e-06
-3.060403395375918263e-04 -7.726193492461768834e-06
-2.987367999248521271e-04 -6.420050638000184267e-06
-2.915336801667894970e-04 -5.139229505613281129e-06
-2.844296048398947999e-04 -3.883876887183523986e-06
-2.774232334231057718e-04 -2.654156732198828804e-06
-2.705132601955300017e-04 -1.450250409191369208e-06
-2.636984141469861094e-04 -2.723569763193207543e-07
-2.569774589014527837e-04 8.793065387410518592e-07
-2.503491926535208740e-04 2.004504849421163572e-06
-2.438124481179505050e-04 3.102984111227257504e-06
-2.373660924924376765e-04 4.174471612868034655e-06
-2.310090274337015068e-04 5.218675457357269094e-06
-2.247401890470086718e-04 6.235284232900635540e-06
-2.185585478892552492e-04 7.223966673371932500e-06
-2.124631089857345557e-04 8.184371308177875693e-06
-2.064529118607214334e-04 9.116126101306722888e-06
-2.005270305820124131e-04 1.001883807934963007e-05
-1.946845738195646536e-04 1.089209294827942401e-05
-1.889246849183827339e-04 1.173545469876529375e-05
-1.832465419858096938e-04 1.254846519979692828e-05
-1.776493579933823811e-04 1.333064378038562350e-05
-1.721323808934192064e-04 1.408148679910451524e-05
-1.666948937505134578e-04 1.480046720122401473e-05
-1.613362148881123650e-04 1.548703406319277000e-05
-1.560556980503676676e-04 1.614061212420791740e-05
-1.508527325794508354e-04 1.676060130461304746e-05
-1.457267436085321111e-04 1.734637621085492512e-05
-1.406771922706295070e-04 1.789728562672464589e-05
-1.357035759235412095e-04 1.841265199060116261e-05
-1.308054283910803730e-04 1.889177085840945580e-05
-1.259823202208405269e-04 1.933391035199790608e-05
-1.212338589587252832e-04 1.973831059263291135e-05
-1.165596894404845134e-04 2.010418311930158524e-05
-1.119594941005058476e-04 2.043071029150558048e-05
-1.074329932981189247e-04 2.071704467622251120e-05
-1.029799456616768320e-04 2.096230841870273736e-05
-9.860014845068747734e-05 2.116559259676252541e-05
-9.429343793627592053e-05 2.132595655822594244e-05
-9.005968980026629069e-05 2.144242724116005865e-05
-8.589881955318135148e-05 2.151399847653955591e-05
-8.181078297146524177e-05 2.153963027296871188e-05
-7.779557655424451516e-05 2.151824808307966272e-05
-7.385323799995095024e-05 2.144874205121741082e-05
-6.998384670313914418e-05 2.132996624201281483e-05
-6.618752427184064371e-05 2.116073784943581039e-05
-6.246443506580638292e-05 2.093983638591130156e-05
-5.881478675599815555e-05 2.066600285107123830e-05
-5.523883090570030500e-05 2.033793887970600432e-05
-5.173686357363234991e-05 1.995430586846860680e-05
-4.830922593945379966e-05 1.951372408087491403e-05
-4.495630495206236909e-05 1.901477173013242278e-05
-4.167853400109805675e-05 1.845598403931999486e-05
-3.847639361207564755e-05 1.783585227842960462e-05
-3.535041216557981559e-05 1.715282277777042925e-05
-3.230116664096796650e-05 1.640529591722386719e-05
-2.932928338503741080e-05 1.559162509082696684e-05
-2.643543890612538256e-05 1.471011564614952524e-05
-2.362036069412231661e-05 1.375902379791834775e-05
-2.088482806689074438e-05 1.273655551532958120e-05
-1.822967304359488042e-05 1.164086538247768995e-05
-1.565578124545851136e-05 1.047005543131652407e-05
-1.316409282448196863e-05 9.222173946555060393e-06
-1.075560342066183608e-05 7.895214241876678796e-06
-8.431365148270758808e-06 6.487113406857513113e-06
-6.192487611768533806e-06 4.995751023945163821e-06
-4.040138951929483159e-06 3.418947854844695292e-06
-1.975546922785675293e-06 1.754464495644575293e-06
