9.001495288940702943e-01 8.998501022517526593e-01
9.002946980450365899e-01 8.996955792623535508e-01
9.004359736067015785e-01 8.995366201063436096e-01
9.005737934151671897e-01 8.993733851159456671e-01
9.007085692030872837e-01 8.992060078441211912e-01
9.008406886576173500e-01 8.990345968711949132e-01
9.009705173331431505e-01 8.988592374659380990e-01
9.010984004291388016e-01 8.986799931112676720e-01
9.012246644428214548e-01 8.984969069040412704e-01
9.013496187056133646e-01 8.983100028377748458e-01
9.014735568118132925e-01 8.981192869765004527e-01
9.015967579472965454e-01 8.979247485274071128e-01
9.017194881255229388e-01 8.977263608193689626e-01
9.018420013376184929e-01 8.975240821939503011e-01
9.019645406228199436e-01 8.973178568150134149e-01
9.020873390651195090e-01 8.971076154026003113e-01
9.022106207215302431e-01 8.968932758963497065e-01
9.023346014869978449e-01 8.966747440533177071e-01
9.024594899006159743e-01 8.964519139847130225e-01
9.025854878974609585e-01 8.962246686357129288e-01
9.027127915100376931e-01 8.959928802122173463e-01
9.028415915230303401e-01 8.957564105580999581e-01
9.029720740847720917e-01 8.955151114862445194e-01
9.031044212785841463e-01 8.952688250663979330e-01
9.032388116568890180e-01 8.950173838726380726e-01
9.033754207407771464e-01 8.947606111930299644e-01
9.035144214874878399e-01 8.944983212038435383e-01
9.036559847280690727e-01 8.942303191105152038e-01
9.038002795772870357e-01 8.939564012573538720e-01
9.039474738176855872e-01 8.936763552078369477e-01
9.040977342595263311e-01 8.933899597971821649e-01
9.042512270781823958e-01 8.930969851587440278e-01
9.044081181304157724e-01 8.927971927256477258e-01
9.045685732508259580e-01 8.924903352089594843e-01
9.047327585296236485e-01 8.921761565535708538e-01
9.049008405727609894e-01 8.918543918728742970e-01
9.050729867453263244e-01 8.915247673632111791e-01
9.052493653989996947e-01 8.911870001989804502e-01
9.054301460842520965e-01 8.908407984092132637e-01
9.056154997478657043e-01 8.904858607363441703e-01
9.058055989162491217e-01 8.901218764778346948e-01
9.060006178649182562e-01 8.897485253112412673e-01
9.062007327744207030e-01 8.893654771032563078e-01
9.064061218728769465e-01 8.889723917031983058e-01
9.066169655652199788e-01 8.885689187213704487e-01
9.068334465491170171e-01 8.881546972926622763e-01
9.070557499174637384e-01 8.877293558257222106e-01
9.072840632472427558e-01 8.872925117379937276e-01
9.075185766744412463e-01 8.868437711768644149e-01
9.077594829546241639e-01 8.863827287271465183e-01
9.080069775086617723e-01 8.859089671050793813e-01
9.082612584530006528e-01 8.854220568390127610e-01
9.085225266137673117e-01 8.849215559369066897e-01
9.087909855238818224e-01 8.844070095407648990e-01
9.090668414022458066e-01 8.838779495680940679e-01
9.093503031139500425e-01 8.833338943404694943e-01
9.096415821103297494e-01 8.827743481992714747e-01
9.099408923475600375e-01 8.821988011086467907e-01
9.102484501823588925e-01 8.816067282457399346e-01
9.105644742432172922e-01 8.809975895782324873e-01
9.108891852754384955e-01 8.803708294292282854e-01
9.112228059581054529e-01 8.797258760295135760e-01
9.115655606909426334e-01 8.790621410572324601e-01
9.119176753488621445e-01 8.783790191650159285e-01
9.122793770018114978e-01 8.776758874946103406e-01
9.126508935973490777e-01 8.769521051790626354e-01
9.130324536031800831e-01 8.762070128325312179e-01
9.134242856066758787e-01 8.754399320278057894e-01
9.138266178681875296e-01 8.746501647616403696e-01
9.142396778247336986e-01 8.738369929080239684e-01
9.146636915404054990e-01 8.729996776595358998e-01
9.150988830995848700e-01 8.721374589569694802e-01
9.155454739388091401e-01 8.712495549074256163e-01
9.160036821128464402e-01 8.703351611911307462e-01
9.164737214902622942e-01 8.693934504572564670e-01
9.169558008734662868e-01 8.684235717090738049e-01
9.174501230379199512e-01 8.674246496788162730e-01
9.179568836848813751e-01 8.663957841926783754e-01
9.184762703017259611e-01 8.653360495264359464e-01
9.190084609235658064e-01 8.642444937522294479e-01
9.195536227895355630e-01 8.631201380771222897e-01
9.201119108867809038e-01 8.619619761741141861e-01
9.206834663748285630e-01 8.607689735063646097e-01
9.212684148826669750e-01 8.595400666454622307e-01
9.218668646705198144e-01 8.582741625846623812e-01
9.224789046479450194e-01 8.569701380481056230e-01
9.231046022395555939e-01 8.556268387971248668e-01
9.237440010893295250e-01 8.542430789348554043e-01
9.243971185941703972e-01 8.528176402104649112e-01
9.250639432570908482e-01 8.513492713244399379e-01
9.257444318501364400e-01 8.498366872364792046e-01
9.264385063769459139e-01 8.482785684776783519e-01
9.271460508246758270e-01 8.466735604688160333e-01
9.278669076948941052e-01 8.450202728466996716e-01
9.286008743030039758e-01 8.433172788006688680e-01
9.293476988357871615e-01 8.415631144215166559e-01
9.301070761567837852e-01 8.397562780652518821e-01
9.308786433494605772e-01 8.378952297342987521e-01
9.316619749884854640e-01 8.359783904789179765e-01
9.324565781299370970e-01 8.340041418218314684e-01
9.332618870119638865e-01 8.319708252092474776e-01
9.340772574582751897e-01 8.298767414917127550e-01
9.349019609779525286e-01 8.277201504384685826e-01
9.357351785564006486e-01 8.254992702892677281e-01
9.365759941338852590e-01 8.232122773479132460e-01
9.374233877700328676e-01 8.208573056221160069e-01
9.382762284949437426e-01 8.184324465146592953e-01
9.391332668502283543e-01 8.159357485712828151e-01
9.399931271263580745e-01 8.133652172911981504e-01
9.408542993062618542e-01 8.107188150067075050e-01
9.417151307291385942e-01 8.079944608390476901e-01
9.425738174930514690e-01 8.051900307383347277e-01
9.434283956200278931e-01 8.023033576163430824e-01
9.442767320131937314e-01 7.993322315818661705e-01
9.451165152419241933e-01 7.962744002895598694e-01
9.459452461981392446e-01 7.931275694145211164e-01
9.467602286747496265e-01 7.898894032664083298e-01
9.475585599258704583e-01 7.865575255586984005e-01
9.483371212777824688e-01 7.831295203507373515e-01
9.490925688697408047e-01 7.796029331825937714e-01
9.498213246145634781e-01 7.759752724254014300e-01
9.505195674804777228e-01 7.722440108729110575e-01
9.511832252078570304e-01 7.684065876033806530e-01
9.518079665871962414e-01 7.644604101447320943e-01
9.523891944378015673e-01 7.604028569801224435e-01
9.529220394400715888e-01 7.562312804356920992e-01
9.534013549877221605e-01 7.519430099972700399e-01
9.538217132396147324e-01 7.475353561081895526e-01
9.541774025637012047e-01 7.430056145060576211e-01
9.544624265776545657e-01 7.383510711622316425e-01
9.546705050016197625e-01 7.335690078937806557e-01
9.547950765477378754e-01 7.286567087237009188e-01
9.548293040781636876e-01 7.236114670709087315e-01
9.547660822676432568e-01 7.184305938568165129e-01
9.545980480077382868e-01 7.131114266198246288e-01
9.543175937868297876e-01 7.076513397324747379e-01
9.539168842724126129e-01 7.020477558179261113e-01
9.533878763092274999e-01 6.962981584623934017e-01
9.527223425277797642e-01 6.904001063177067632e-01
9.519118987321198988e-01 6.843512486827457719e-01
9.509480352028203409e-01 6.781493426435581950e-01
9.498221520104207505e-01 6.717922718390046954e-01
9.485255983858629225e-01 6.652780669012281489e-01
9.470497161374725748e-01 6.586049275976679773e-01
9.453858870389306723e-01 6.517712466733530663e-01
9.435255840397734906e-01 6.447756353585777367e-01
9.414604260699489524e-01 6.376169504676882926e-01
9.391822361238371109e-01 6.302943229697781646e-01
9.366831022183644828e-01 6.228071878619526602e-01
9.339554407261778657e-01 6.151553151212277859e-01
9.309920614905139447e-01 6.073388414530627166e-01
9.277862340359827042e-01 5.993583024943651694e-01
9.243317541018697403e-01 5.912146650682593707e-01
9.206230096449400380e-01 5.829093590289894378e-01
9.166550453903917761e-01 5.744443081803449758e-01
9.124236249559650735e-01 5.658219597024525260e-01
9.079252895384869460e-01 5.570453114823080698e-01
9.031574121373570074e-01 5.481179367156496784e-01
8.981182462981965875e-01 5.390440051341887084e-01
8.928069683940614842e-01 5.298283002150410148e-01
8.872237125224372578e-01 5.204762317502082958e-01
8.813695971839952126e-01 5.109938431943432668e-01
8.752467430230288503e-01 5.013878132693031509e-01
8.688582810478477914e-01 4.916654513838122353e-01
8.622083509092808296e-01 4.818346865247469801e-01
8.553020889929372483e-01 4.719040493910388601e-01
8.481456062712146027e-01 4.618826476690437999e-01
8.407459560586511005e-01 4.517801344857808044e-01
8.331110920131109543e-01 4.416066702193972016e-01
8.252498169191396782e-01 4.313728779898752252e-01
8.171717229724485554e-01 4.210897932924485554e-01
8.088871244499548085e-01 4.107688083665810286e-01
8.004069837929075337e-01 4.004216120101130594e-01
7.917428322469238777e-01 3.900601256472466805e-01
7.829066862889763057e-01 3.796964365371162664e-01
7.739109611253678356e-01 3.693427290643132022e-01
7.647683825656901302e-01 3.590112150824820714e-01
7.554918985661212005e-01 3.487140642865411144e-01
7.460945916928372057e-01 3.384633355688161371e-01
7.365895936855059167e-01 3.282709102709560622e-01
7.269900032054130712e-01 3.181484281792973934e-01
7.173088077370405324e-01 3.081072270293867543e-01
7.075588104805877743e-01 2.981582861891921565e-01
6.977525629309481170e-01 2.883121750839209296e-01
6.879023036909056588e-01 2.785790068122270813e-01
6.780199039174951148e-01 2.689683972877293661e-01
6.681168196548240568e-01 2.594894301247515078e-01
6.582040511679294603e-01 2.501506273762230670e-01
6.482921092635515192e-01 2.409599261274767978e-01
6.383909884674653368e-01 2.319246608544495158e-01
6.285101468259874924e-01 2.230515513701968600e-01
6.186584920125272058e-01 2.143466961107673430e-01
6.088443733490632725e-01 2.058155704509506689e-01
5.990755792970863247e-01 1.974630296923305384e-01
5.893593399323374671e-01 1.892933163301559196e-01
5.797023338916257318e-01 1.813100711811742594e-01
5.701106992669420226e-01 1.735163479408622644e-01
5.605900479205669917e-01 1.659146307343780380e-01
5.511454827033791526e-01 1.585068542298456729e-01
5.417816170755244132e-01 1.512944258940228104e-01
5.325025966524299381e-01 1.442782499877333091e-01
5.233121222283536600e-01 1.374587529204485681e-01
5.142134738628292290e-01 1.308359096089236895e-01
5.052095356512162905e-01 1.244092705127764487e-01
4.963028208379666739e-01 1.181779890493976359e-01
4.874954969691714379e-01 1.121408491207707414e-01
4.787894108186190878e-01 1.062962925149572163e-01
4.701861128582919269e-01 1.006424459745854788e-01
4.616868810793998690e-01 9.517714775320423870e-02
4.532927440032710753e-01 8.989797350745919180e-02
4.450045027523870655e-01 8.480226139846469557e-02
4.368227520803640851e-01 7.988713629928728688e-02
4.287479002856122157e-01 7.514953302702907789e-02
4.207801879567240610e-01 7.058621853755107922e-02
4.129197055183539966e-01 6.619381303841292974e-02
4.051664095645302055e-01 6.196880999117334449e-02
3.975201379820866299e-01 5.790759498786847426e-02
3.899806238803478209e-01 5.400646349836637355e-02
3.825475083544994104e-01 5.026163749549585752e-02
3.752203521193870350e-01 4.666928097349670040e-02
3.679986460579916518e-01 4.322551438256411194e-02
3.608818207346857210e-01 3.992642800819643650e-02
3.538692549277692168e-01 3.676809432883199752e-02
3.469602832388695157e-01 3.374657938900356424e-02
3.401542028387379846e-01 3.085795322806968513e-02
3.334502794099203915e-01 2.809829940661150507e-02
3.268477523468798496e-01 2.546372367391867841e-02
3.203458392735196170e-01 2.295036182072405020e-02
3.139437399368200654e-01 2.055438676157258018e-02
3.076406395335744004e-01 1.827201489100507836e-02
3.014357115250749231e-01 1.609951175717298094e-02
2.953281199921579114e-01 1.403319709564072523e-02
2.893170215803337886e-01 1.206944926503310429e-02
2.834015670818821331e-01 1.020470912489646401e-02
2.775809026988308448e-01 8.435483394707246618e-03
2.718541710277245782e-01 6.758347531417475615e-03
2.662205118040577023e-01 5.169948161305814791e-03
2.606790624412412827e-01 3.667005100233159537e-03
2.552289583960197228e-01 2.246312994706116829e-03
2.498693333893817203e-01 9.047426144505174225e-04
2.445993195092385775e-01 -3.607581744940103639e-04
2.394180472184852249e-01 -1.553163728814109306e-03
2.343246452895356435e-01 -2.675370213385225120e-03
2.293182406840344190e-01 -3.730195429032576778e-03
2.243979583942022626e-01 -4.720378860004235261e-03
2.195629212601764024e-01 -5.648581920051807051e-03
2.148122497757586347e-01 -6.517388377436534111e-03
2.101450618931846592e-01 -7.329304940538712912e-03
2.055604728358730593e-01 -8.086761987044673028e-03
2.010575949266024121e-01 -8.792114420917488543e-03
1.966355374371907550e-01 -9.447642642525025392e-03
1.922934064645108188e-01 -1.005555361840250808e-02
1.880303048365612184e-01 -1.061798203816762334e-02
1.838453320513191991e-01 -1.113699154708564301e-02
1.797375842502199061e-01 -1.161457604370200875e-02
1.757061542273329335e-01 -1.205266103282219559e-02
1.717501314746312513e-01 -1.245310502492582780e-02
1.678686022631650232e-01 -1.281770097385590522e-02
1.640606497594528645e-01 -1.314817774532752413e-02
1.603253541759838696e-01 -1.344620160945556725e-02
1.566617929543734078e-01 -1.371337775111030992e-02
1.530690409794308315e-01 -1.395125179247602362e-02
1.495461708221715591e-01 -1.416131132271294599e-02
1.460922530096312177e-01 -1.434498743010961981e-02
1.427063563192126627e-01 -1.450365623256319458e-02
1.393875480952118384e-01 -1.463864040264173209e-02
1.361348945851181824e-01 -1.475121068386721704e-02
1.329474612932699251e-01 -1.484258739521284592e-02
1.298243133494546286e-01 -1.491394192113515427e-02
1.267645158900801705e-01 -1.496639818476267793e-02
1.237671344495960973e-01 -1.500103410213968029e-02
1.208312353599175493e-01 -1.501888301567794355e-02
1.179558861556889299e-01 -1.502093510520305548e-02
1.151401559833219873e-01 -1.500813877519579023e-02
1.123831160118478473e-01 -1.498140201702520720e-02
1.096838398437358503e-01 -1.494159374514957700e-02
1.070414039239474396e-01 -1.488954510642508978e-02
1.044548879456143886e-01 -1.482605076181210159e-02
1.019233752508511975e-01 -1.475187013990500624e-02
9.944595322533288095e-02 -1.466772866183609775e-02
9.702171368539012908e-02 -1.457431893721673755e-02
9.464975325649190030e-02 -1.447230193088161823e-02
9.232917374210146411e-02 -1.436230810029489637e-02
9.005908248200410193e-02 -1.424493850356100232e-02
8.783859269931311442e-02 -1.412076587805874764e-02
8.566682383546482538e-02 -1.399033568978579056e-02
8.354290187261244338e-02 -1.385416715356192589e-02
8.146595964292258074e-02 -1.371275422429459566e-02
7.943513712436828245e-02 -1.356656655955928818e-02
7.744958172269526819e-02 -1.341605045379116144e-02
7.550844853931722167e-02 -1.326162974442296472e-02
7.361090062496916664e-02 -1.310370669033857766e-02
7.175610921901606765e-02 -1.294266282304142035e-02
6.994325397437632652e-02 -1.277885977096308509e-02
6.817152316807821577e-02 -1.261264005736012841e-02
6.644011389752003949e-02 -1.244432787226626425e-02
6.474823226255295439e-02 -1.227422981898345332e-02
6.309509353354934846e-02 -1.210263563560905024e-02
6.147992230565874072e-02 -1.192981889210711910e-02
5.990195263948886600e-02 -1.175603766344086344e-02
5.836042818848060504e-02 -1.158153517928976230e-02
5.685460231327296027e-02 -1.140654045087965106e-02
5.538373818337870291e-02 -1.123126887545707053e-02
5.394710886651202242e-02 -1.105592281894053099e-02
5.254399740592730766e-02 -1.088069217728121832e-02
5.117369688614303858e-02 -1.070575491706430259e-02
4.983551048743723594e-02 -1.053127759587937050e-02
4.852875152951062476e-02 -1.035741586298477568e-02
4.725274350472124379e-02 -1.018431494078604962e-02
4.600682010129996530e-02 -1.001211008764286634e-02
4.479032521695957419e-02 -9.840927042512678455e-03
4.360261296331249814e-02 -9.670882451932084206e-03
4.244304766151220376e-02 -9.502084279829112190e-03
4.131100382953229594e-02 -9.334632200651404171e-03
4.020586616149523368e-02 -9.168617976286317847e-03
3.912702949945873199e-02 -9.004125817239807053e-03
3.807389879806385991e-02 -8.841232728531094043e-03
3.704588908244318274e-02 -8.680008840750269225e-03
3.604242539978136373e-02 -8.520517726715515910e-03
3.506294276491379175e-02 -8.362816704156134789e-03
3.410688610034141172e-02 -8.206957124836700840e-03
3.317371017103227376e-02 -8.052984650526734053e-03
3.226287951437197682e-02 -7.900939516209124977e-03
3.137386836561664727e-02 -7.750856780909257809e-03
3.050616057919335045e-02 -7.602766566515571818e-03
2.965924954618403414e-02 -7.456694284950700878e-03
2.883263810831963522e-02 -7.312660854041067374e-03
2.802583846880231724e-02 -7.170682902421189261e-03
2.723837210026432143e-02 -7.030772963797571502e-03
2.646976965016291372e-02 -6.892939660885513686e-03
2.571957084390177548e-02 -6.757187879320764208e-03
2.498732438596040772e-02 -6.623518931836504774e-03
2.427258785930399773e-02 -6.491930712984793524e-03
2.357492762333792541e-02 -6.362417844670273381e-03
2.289391871066228171e-02 -6.234971812752703423e-03
2.222914472287374280e-02 -6.109581094963690770e-03
2.158019772565416758e-02 -5.986231280371889611e-03
2.094667814337729597e-02 -5.864905180619914976e-03
2.032819465345784768e-02 -5.745582933145235507e-03
1.972436408065970925e-02 -5.628242096586504734e-03
1.913481129157343710e-02 -5.512857738565944861e-03
1.855916908946632360e-02 -5.399402516027745902e-03
1.799707810970235106e-02 -5.287846748301804761e-03
1.744818671592327647e-02 -5.178158483051622553e-03
1.691215089717644851e-02 -5.070303555254672065e-03
1.638863416616988603e-02 -4.964245639353262116e-03
1.587730745882996036e-02 -4.859946294703503325e-03
1.537784903533276695e-02 -4.757365004439858581e-03
1.488994438277575598e-02 -4.656459207862487584e-03
1.441328611965258036e-02 -4.557184326444562936e-03
1.394757390229040342e-02 -4.459493783546599269e-03
1.349251433340586080e-02 -4.363339017914860500e-03
1.304782087293305561e-02 -4.268669491030903547e-03
1.261321375127445570e-02 -4.175432688369367339e-03
1.218841988512358449e-02 -4.083574114611182061e-03
1.177317279600652127e-02 -3.993037282849444015e-03
1.136721253168798684e-02 -3.903763697815306171e-03
1.097028559058666787e-02 -3.815692833141280226e-03
1.058214484934388161e-02 -3.728762102669425527e-03
1.020254949368925440e-02 -3.642906825801952870e-03
9.831264952747303942e-03 -3.558060186881729318e-03
9.468062836929060089e-03 -3.474153188580169065e-03
9.112720879553868475e-03 -3.391114599259869352e-03
8.765022882347411198e-03 -3.308870894269172382e-03
8.424758664963742996e-03 -3.227346191115611478e-03
8.091724018680841388e-03 -3.146462178454809133e-03
7.765720664421518066e-03 -3.066138038820980221e-03
7.446556215254107082e-03 -2.986290365014603130e-03
7.134044143530427970e-03 -2.906833070052120514e-03
6.828003752821778030e-03 -2.827677290571681528e-03
6.528260154817575565e-03 -2.748731283577929719e-03
6.234644251355381077e-03 -2.669900316397652660e-03
5.946992721755544990e-03 -2.591086549706727877e-03
5.665148015638719545e-03 -2.512188913477248972e-03
5.388958351409763384e-03 -2.433102975681874190e-03
5.118277720597335344e-03 -2.353720803580438420e-03
4.852965898244667765e-03 -2.273930817401560028e-03
4.592888459553570377e-03 -2.193617636219427972e-03
4.337916802990746633e-03 -2.112661915813095551e-03
4.087928180072987992e-03 -2.030940178282464488e-03
3.842805732055728455e-03 -1.948324633181661809e-03
3.602438533757800453e-03 -1.864682989916684533e-03
3.366721644764124940e-03 -1.779878261140029668e-03
3.135556168257372291e-03 -1.693768556860427354e-03
2.908849317739489911e-03 -1.606206868970858808e-03
2.686514491914323167e-03 -1.517040845882626195e-03
2.468471358013432128e-03 -1.426112556937416320e-03
2.254645943858600652e-03 -1.333258246252984726e-03
2.044970738966513969e-03 -1.238308075641286234e-03
1.839384805013587806e-03 -1.141085856220570805e-03
1.637833895992057021e-03 -1.041408768325099684e-03
1.440270588402147540e-03 -9.390870692977134173e-04
1.246654421839499781e-03 -8.339237887314822307e-04
1.056952050351985277e-03 -7.257144107070232115e-04
8.711374049557121021e-04 -6.142465425518033300e-04
6.891918677163401006e-04 -4.992995696267880446e-04
5.111044578188554894e-04 -3.806442956241466052e-04
3.368720300667220574e-04 -2.580425678373335168e-04
1.664994862698352903e-04 -1.312468868417203502e-04
