9.001979970457937297e-01 8.998015339453316885e-01
9.003842670711218465e-01 8.995910043495465302e-01
9.005598624338199132e-01 8.993690979122610507e-01
9.007257601312690376e-01 8.991364255213667445e-01
9.008828674622146870e-01 8.988935275910308054e-01
9.010320272894971616e-01 8.986408790011314318e-01
9.011740229294139537e-01 8.983788936636508682e-01
9.013095826921984077e-01 8.981079287403146427e-01
9.014393840968291105e-01 8.978282885345016950e-01
9.015640577821315560e-01 8.975402280792100784e-01
9.016841911348864036e-01 8.972439564416223590e-01
9.018003316544437320e-01 8.969396397636095752e-01
9.019129900721603033e-01 8.966274040563402270e-01
9.020226432428354313e-01 8.963073377660313312e-01
9.021297368242253700e-01 8.959794941267904544e-01
9.022346877596610915e-01 8.956438933154634574e-01
9.023378865778034497e-01 8.953005244224122583e-01
9.024396995226087181e-01 8.949493472512122239e-01
9.025404705256862004e-01 8.945902939593722847e-01
9.026405230323691908e-01 8.942232705513462054e-01
9.027401616920246452e-01 8.938481582343164034e-01
9.028396739223693013e-01 8.934648146464958529e-01
9.029393313568422341e-01 8.930730749669997248e-01
9.030393911834248000e-01 8.926727529156931462e-01
9.031400973826665401e-01 8.922636416508188395e-01
9.032416818720911955e-01 8.918455145716445154e-01
9.033443655636012037e-01 8.914181260328455370e-01
9.034483593399934565e-01 8.909812119768558691e-01
9.035538649562068203e-01 8.905344904899629155e-01
9.036610758704755053e-01 8.900776622875096189e-01
9.037701780101391469e-01 8.896104111331764042e-01
9.038813504764665607e-01 8.891324041969589365e-01
9.039947661924737643e-01 8.886432923561311537e-01
9.041105924973757979e-01 8.881427104431776076e-01
9.042289916909816982e-01 8.876302774444003729e-01
9.043501215310408847e-01 8.871055966526545378e-01
9.044741356862552317e-01 8.865682557774284822e-01
9.046011841474059789e-01 8.860178270152787583e-01
9.047314135987863937e-01 8.854538670834326552e-01
9.048649677518919576e-01 8.848759172192004474e-01
9.050019876430892563e-01 8.842835031476825591e-01
9.051426118967734746e-01 8.836761350201171039e-01
9.052869769553111290e-01 8.830533073250887988e-01
9.054352172768763696e-01 8.824144987747148949e-01
9.055874655020986763e-01 8.817591721678259553e-01
9.057438525902582471e-01 8.810867742320824814e-01
9.059045079255987343e-01 8.803967354468980044e-01
9.060695593941539006e-01 8.796884698489892962e-01
9.062391334313321112e-01 8.789613748223293888e-01
9.064133550403392636e-01 8.782148308742491194e-01
9.065923477813755404e-01 8.774482013994179264e-01
9.067762337313902687e-01 8.766608324334267399e-01
9.069651334140371723e-01 8.758520523976968120e-01
9.071591656993297503e-01 8.750211718374598657e-01
9.073584476723591807e-01 8.741674831545752644e-01
9.075630944702998137e-01 8.732902603369916417e-01
9.077732190867943141e-01 8.723887586867037358e-01
9.079889321426780624e-01 8.714622145481147886e-01
9.082103416218705316e-01 8.705098450387844800e-01
9.084375525711372301e-01 8.695308477846156459e-01
9.086706667622930222e-01 8.685244006616265056e-01
9.089097823152988420e-01 8.674896615465491623e-01
9.091549932805786938e-01 8.664257680786056071e-01
9.094063891787662612e-01 8.653318374349302511e-01
9.096640544959717634e-01 8.642069661222295807e-01
9.099280681325486730e-01 8.630502297874155238e-01
9.101985028032316682e-01 8.618606830500832316e-01
9.104754243864136010e-01 8.606373593598649618e-01
9.107588912202287945e-01 8.593792708818499548e-01
9.110489533430264908e-01 8.580854084134281745e-01
9.113456516757284520e-01 8.567547413360915298e-01
9.116490171434967760e-01 8.553862176059087163e-01
9.119590697340773655e-01 8.539787637865724479e-01
9.122758174901278716e-01 8.525312851291069194e-01
9.125992554328188344e-01 8.510426657025189634e-01
9.129293644139645503e-01 8.495117685798619922e-01
9.132661098939541811e-01 8.479374360843744407e-01
9.136094406427688330e-01 8.463184901005427196e-01
9.139592873614228452e-01 8.446537324551174342e-01
9.143155612212408023e-01 8.429419453732831524e-01
9.146781523184881468e-01 8.411818920153444346e-01
9.150469280420103768e-01 8.393723170994330518e-01
9.154217313517156729e-01 8.375119476158733312e-01
9.158023789659507363e-01 8.355994936389349315e-01
9.161886594560854080e-01 8.336336492417908417e-01
9.165803312469285036e-01 8.316130935205328090e-01
9.169771205219723331e-01 8.295364917331001786e-01
9.173787190328784868e-01 8.274024965589463765e-01
9.177847818131086299e-01 8.252097494851711179e-01
9.181949247961609384e-01 8.229568823247052078e-01
9.186087223394907575e-01 8.206425188719217445e-01
9.190257046559048293e-01 8.182652767007746464e-01
9.194453551549974790e-01 8.158237691102018241e-01
9.198671076980634576e-01 8.133166072210916697e-01
9.202903437708811474e-01 8.107424022285790732e-01
9.207143895798077793e-01 8.080997678128011286e-01
9.211385130777695052e-01 8.053873227105007304e-01
9.215619209279647395e-01 8.026036934490203834e-01
9.219837554144472147e-01 7.997475172432517709e-01
9.224030913101721740e-01 7.968174450550157273e-01
9.228189327146351095e-01 7.938121448131267854e-01
9.232302098748477182e-01 7.907303047910516636e-01
9.236357760051111532e-01 7.875706371375906789e-01
9.240344041228464311e-01 7.843318815544139122e-01
9.244247839196105820e-01 7.810128091125621008e-01
9.248055186883705758e-01 7.776122261981837092e-01
9.251751223300899163e-01 7.741289785758488362e-01
9.255320164647173886e-01 7.705619555557515765e-01
9.258745276737079255e-01 7.669100942490224559e-01
9.262008849032551394e-01 7.631723838932389370e-01
9.265092170594222409e-01 7.593478702280603843e-01
9.267975508283345931e-01 7.554356598987802540e-01
9.270638087564593288e-01 7.514349248634973888e-01
9.273058076277711503e-01 7.473449067776111177e-01
9.275212571761931590e-01 7.431649213274930110e-01
9.277077591731167638e-01 7.388943624835161428e-01
9.278628069309703408e-01 7.345327066412006278e-01
9.279837852646820595e-01 7.300795166181035523e-01
9.280679709534482846e-01 7.255344454733148041e-01
9.281125337453722812e-01 7.208972401160510524e-01
9.281145379472947043e-01 7.161677446699582505e-01
9.280709446413896169e-01 7.113459035603523217e-01
9.279786145688339039e-01 7.064317642928376051e-01
9.278343117190241962e-01 7.014254798935350976e-01
9.276347076603450592e-01 6.963273109836138897e-01
9.273763866453841320e-01 6.911376274639140505e-01
9.270558515196751781e-01 6.858569097892209809e-01
9.266695304585266246e-01 6.804857498161729357e-01
9.262137845512217194e-01 6.750248512138152801e-01
9.256849162458734570e-01 6.694750294314274486e-01
9.250791786614593892e-01 6.638372112243486889e-01
9.243927857660800829e-01 6.581124337450299233e-01
9.236219234123080879e-01 6.523018432133328437e-01
9.227627612116595657e-01 6.464066931870195987e-01
9.218114652207952675e-01 6.404283424603032238e-01
9.207642114021183932e-01 6.343682526250594700e-01
9.196171998110802548e-01 6.282279853356560473e-01
9.183666694518330953e-01 6.220091993241478878e-01
9.170089137320336370e-01 6.157136472176011344e-01
9.155402964367286289e-01 6.093431722133724193e-01
9.139572681305149215e-01 6.028997046710786734e-01
9.122563828867410463e-01 5.963852586815997503e-01
9.104343152325766741e-01 5.898019286736106981e-01
9.084878771895442684e-01 5.831518861167477308e-01
9.064140352807495971e-01 5.764373763774993664e-01
9.042099273687910221e-01 5.696607157792669129e-01
9.018728791823658053e-01 5.628242889117905934e-01
8.994004203851049262e-01 5.559305462273672616e-01
8.967903000373407263e-01 5.489820019521415295e-01
8.940405013005096047e-01 5.419812323304227242e-01
8.911492552348310170e-01 5.349308742087021118e-01
8.881150535439124027e-01 5.278336239541203678e-01
8.849366601250606701e-01 5.206922366898710797e-01
8.816131212913874693e-01 5.135095258177858613e-01
8.781437745412521423e-01 5.062883627864842584e-01
8.745282557621661956e-01 4.990316770523675616e-01
8.707665047698597283e-01 4.917424561707382513e-01
8.668587690986785388e-01 4.844237459457767514e-01
8.628056059766159303e-01 4.770786505612945594e-01
8.586078824368856832e-01 4.697103326093736708e-01
8.542667735377266203e-01 4.623220129313641014e-01
8.497837586827869938e-01 4.549169701853886250e-01
8.451606160556598413e-01 4.474985400565443250e-01
8.403994152035422216e-01 4.400701140303623360e-01
8.355025078262323657e-01 4.326351376567089679e-01
8.304725168473773289e-01 4.251971082400062274e-01
8.253123238646726811e-01 4.177595719021897080e-01
8.200250550942517203e-01 4.103261199769143164e-01
8.146140659414456975e-01 4.029003847068372557e-01
8.090829243451650443e-01 3.954860342299744147e-01
8.034353930560742540e-01 3.880867668557653749e-01
7.976754110193038372e-01 3.807063046461884315e-01
7.918070740404993257e-01 3.733483863316625628e-01
7.858346149194391783e-01 3.660167596051853711e-01
7.797623832382113429e-01 3.587151728508550796e-01
7.735948249910169494e-01 3.514473663743090670e-01
7.673364622401446233e-01 3.442170632124436636e-01
7.609918729776147250e-01 3.370279596078684103e-01
7.545656713646115010e-01 3.298837152397537387e-01
7.480624885112889810e-01 3.227879433069876791e-01
7.414869539480797300e-01 3.157442005618478764e-01
7.348436779265430374e-01 3.087559773927480156e-01
7.281372346733124834e-01 3.018266880531335072e-01
7.213721467051609215e-01 2.949596611303962335e-01
7.145528702968869661e-01 2.881581303439271213e-01
7.076837821769401682e-01 2.814252257553128134e-01
7.007691675087351912e-01 2.747639654664316144e-01
6.938132091987311290e-01 2.681772478730221065e-01
6.868199785558358750e-01 2.616678445324365776e-01
6.797934273107549830e-01 2.552383936949510490e-01
6.727373809887617906e-01 2.488913945384228499e-01
6.656555336151834812e-01 2.426292021364523377e-01
6.585514437198285442e-01 2.364540231807141790e-01
6.514285315947461186e-01 2.303679124689294033e-01
6.442900777491649134e-01 2.243727701612031888e-01
6.371392224963099427e-01 2.184703397992603935e-01
6.299789665990127574e-01 2.126622070755750382e-01
6.228121728946716118e-01 2.069497993325717100e-01
6.156415688151124499e-01 2.013343857660264413e-01
6.084697497132547372e-01 1.958170783015368566e-01
6.012991829061034021e-01 1.903988331084726093e-01
5.941322123424293000e-01 1.850804527121485132e-01
5.869710638034567607e-01 1.798625886620602576e-01
5.798178505458807530e-01 1.747457447118521412e-01
5.726745792984718753e-01 1.697302804652023600e-01
5.655431565263060456e-01 1.648164154409654802e-01
5.584253948801723988e-01 1.600042335106445501e-01
5.513230197528538046e-01 1.552936876615240991e-01
5.442376758686640059e-01 1.506846050395132253e-01
5.371709338377295140e-01 1.461766922268739888e-01
5.301242966119670275e-01 1.417695407114775707e-01
5.230992057854093602e-01 1.374626325059921661e-01
5.160970476874019441e-01 1.332553458774024813e-01
5.091191592231554264e-01 1.291469611494469871e-01
5.021668334221137675e-01 1.251366665428872427e-01
4.952413246605231190e-01 1.212235640209538973e-01
4.883438535304068795e-01 1.174066751098097605e-01
4.814756113328025888e-01 1.136849466663966135e-01
4.746377641785729518e-01 1.100572565685623005e-01
4.678314566852967982e-01 1.065224193048704138e-01
4.610578152636675142e-01 1.030791914439575102e-01
4.543179509914352932e-01 9.972627696570020295e-02
4.476129620772044682e-01 9.646233243877416763e-02
4.409439359203223829e-01 9.328597203141401895e-02
4.343119507766616816e-01 9.019577234430818657e-02
4.277180770432883472e-01 8.719027705657718397e-02
4.211633781778323371e-01 8.426800137768068744e-02
4.146489112708192093e-01 8.142743629987642118e-02
4.081757272913079659e-01 7.866705264750482873e-02
4.017448710278959112e-01 7.598530492090171951e-02
3.953573807485238345e-01 7.338063493414173633e-02
3.890142876035526665e-01 7.085147524709189959e-02
3.827166147972965171e-01 6.839625239340901830e-02
3.764653765536177255e-01 6.601338990714698818e-02
3.702615769013201108e-01 6.370131115155763801e-02
3.641062083049543263e-01 6.145844195447177499e-02
3.580002501662856162e-01 5.928321305534338392e-02
3.519446672210955196e-01 5.717406236963167021e-02
3.459404078552172357e-01 5.512943707669078902e-02
3.399884023627698371e-01 5.314779553773948950e-02
3.340895611684676081e-01 5.122760905079932342e-02
3.282447730346755854e-01 4.936736344972639245e-02
3.224549032725759212e-01 4.756556055462441562e-02
3.167207919754213563e-01 4.582071948102130893e-02
3.110432522904090225e-01 4.413137781522551845e-02
3.054230687442208714e-01 4.249609266325610202e-02
2.998609956357737860e-01 4.091344158066939629e-02
2.943577555082104724e-01 3.938202339049091255e-02
2.889140377106620972e-01 3.790045889630828252e-02
2.835304970588397588e-01 3.646739149739661873e-02
2.782077526020708680e-01 3.508148771253544879e-02
2.729463865030063996e-01 3.374143761894186910e-02
2.677469430348899948e-01 3.244595521249239028e-02
2.626099277000094045e-01 3.119377869513950685e-02
2.575358064717510609e-01 2.998367069515351507e-02
2.525250051615566815e-01 2.881441842553736712e-02
2.475779089110350661e-01 2.768483378567756711e-02
2.426948618085240372e-01 2.659375341100767356e-02
2.378761666285172660e-01 2.554003867517822338e-02
2.331220846915813827e-01 2.452257564894733122e-02
2.284328358416772842e-01 2.354027501973347467e-02
2.238085985371748021e-01 2.259207197550710394e-02
2.192495100513056072e-01 2.167692605644177400e-02
2.147556667773304895e-01 2.079382097749997785e-02
2.103271246333072164e-01 1.994176442489404427e-02
2.059638995610233725e-01 1.911978782913962074e-02
2.016659681134074511e-01 1.832694611720814964e-02
1.974332681245413723e-01 1.756231744608580461e-02
1.932656994562680919e-01 1.682500291986003399e-02
1.891631248153134992e-01 1.611412629228006071e-02
1.851253706348147399e-01 1.542883365657574460e-02
1.811522280141704411e-01 1.476829312416806476e-02
1.772434537111871045e-01 1.413169449376543672e-02
1.733987711805964615e-01 1.351824891221125105e-02
1.696178716531475117e-01 1.292718852833009760e-02
1.659004152496363349e-01 1.235776614091166174e-02
1.622460321244210968e-01 1.180925484187239465e-02
1.586543236331705575e-01 1.128094765554457819e-02
1.551248635198178571e-01 1.077215717496025037e-02
1.516571991179233025e-01 1.028221519592282217e-02
1.482508525618957407e-01 9.810472349591415481e-03
1.449053220037744560e-01 9.356297734241698222e-03
1.416200828315312688e-01 8.919078546811370911e-03
1.383945888851115802e-01 8.498219714788580320e-03
1.352282736666964025e-01 8.093143528955957719e-03
1.321205515419247578e-01 7.703289277462324267e-03
1.290708189290747376e-01 7.328112881656935300e-03
1.260784554734516727e-01 6.967086534087860682e-03
1.231428252044803329e-01 6.619698339035709478e-03
1.202632776732369818e-01 6.285451955926541975e-03
1.174391490683889677e-01 5.963866245942869328e-03
1.146697633087335189e-01 5.654474922128839044e-03
1.119544331107417828e-01 5.356826203265039645e-03
1.092924610297186516e-01 5.070482471769274108e-03
1.066831404733842720e-01 4.795019935862148384e-03
1.041257566868676182e-01 4.530028296220185713e-03
1.016195877082768650e-01 4.275110417324203341e-03
9.916390529417554167e-02 4.029882003696731545e-03
9.675797581444747775e-02 3.793971281209307291e-03
9.440106111617621587e-02 3.567018683628233374e-03
9.209241935629958187e-02 3.348676544556001937e-03
8.983130580292229828e-02 3.138608794914754876e-03
8.761697360528461487e-02 2.936490666108002457e-03
8.544867453248969347e-02 2.742008398987146912e-03
8.332565968118853250e-02 2.554858958740240538e-03
8.124718015250805003e-02 2.374749755811741102e-03
7.921248769858846295e-02 2.201398372953807837e-03
7.722083533916623832e-02 2.034532298501872012e-03
7.527147794870385489e-02 1.873888665959865365e-03
7.336367281462412293e-02 1.719213999973482091e-03
7.149668016725742314e-02 1.570263968763303429e-03
6.966976368215480053e-02 1.426803143083368863e-03
6.788219095545748594e-02 1.288604761765028061e-03
6.613323395304755714e-02 1.155450503900462078e-03
6.442216943423081932e-02 1.027130267715264033e-03
6.274827935072810337e-02 9.034419561748281702e-04
6.111085122176867362e-02 7.841912693650964720e-04
5.950917848609521554e-02 6.691915036843514670e-04
5.794256083170078869e-02 5.582633578793661476e-04
5.641030450412656133e-02 4.512347459561908704e-04
5.491172259415370849e-02 3.479406169932626664e-04
5.344613530572547844e-02 2.482227818823486707e-04
5.201287020493498142e-02 1.519297470210767803e-04
5.061126245091198544e-02 5.891655497945069735e-05
4.924065500943738960e-02 -3.095536783815560982e-05
4.790039885010846654e-02 -1.178183565145385017e-04
4.658985312786963207e-02 -2.017986459038185706e-04
4.530838534971497189e-02 -2.830165018569358662e-04
4.405537152735892331e-02 -3.615863453664487680e-04
4.283019631665967164e-02 -4.376168696073859843e-04
4.163225314456890647e-02 -5.112111498492916345e-04
4.046094432436839194e-02 -5.824667462125522697e-04
3.931568115994144019e-02 -6.514757992396470049e-04
3.819588403981346442e-02 -7.183251182490715770e-04
3.710098252168260446e-02 -7.830962624363857179e-04
3.603041540814756055e-02 -8.458656146831449937e-04
3.498363081432593474e-02 -9.067044480303275032e-04
3.396008622804267546e-02 -9.656789847683482260e-04
3.295924856325475188e-02 -1.022850448090797601e-03
3.198059420736451552e-02 -1.078275106253683002e-03
3.102360906306136576e-02 -1.132004309176190765e-03
3.008778858531858946e-02 -1.184084517412804620e-03
2.917263781415960211e-02 -1.234557323420035170e-03
2.827767140379625760e-02 -1.283459465034017836e-03
2.740241364873027136e-02 -1.330822831067831257e-03
2.654639850739810847e-02 -1.376674458929567132e-03
2.570916962392929064e-02 -1.421036524153948630e-03
2.489028034857862504e-02 -1.463926321731645608e-03
2.408929375738363618e-02 -1.505356239111349656e-03
2.330578267159048519e-02 -1.545333720740185062e-03
2.253932967738377438e-02 -1.583861223998082011e-03
2.178952714644902602e-02 -1.620936166371379685e-03
2.105597725789042085e-02 -1.656550863700110687e-03
2.033829202202104905e-02 -1.690692459322136248e-03
1.963609330653848586e-02 -1.723342843925595958e-03
1.894901286559477760e-02 -1.754478565908912466e-03
1.827669237226694360e-02 -1.784070732034937238e-03
1.761878345493222281e-02 -1.812084898152626971e-03
1.697494773805103413e-02 -1.838480949745983223e-03
1.634485688786022420e-02 -1.863212972055785848e-03
1.572819266347998471e-02 -1.886229109504933017e-03
1.512464697393906161e-02 -1.907471414142914400e-03
1.453392194162536795e-02 -1.926875682809125415e-03
1.395572997267248080e-02 -1.944371282698308633e-03
1.338979383479659176e-02 -1.959880964994375856e-03
1.283584674310380737e-02 -1.973320666221261514e-03
1.229363245439385119e-02 -1.984599296941144068e-03
1.176290537049323216e-02 -1.993618517411467790e-03
1.124343065115925716e-02 -2.000272499792548481e-03
1.073498433710527548e-02 -2.004447676477222242e-03
1.023735348370774685e-02 -2.006022474092929945e-03
9.750336305966993133e-03 -2.004867032704794189e-03
9.273742335305692683e-03 -2.000842909725610019e-03
8.807392588802599384e-03 -1.993802768015243664e-03
8.351119751473408404e-03 -1.983590047627625721e-03
7.904768372226294443e-03 -1.970038620638340111e-03
7.468195074136391859e-03 -1.952972428459721346e-03
7.041268779701389223e-03 -1.932205101023304296e-03
6.623870951759559637e-03 -1.907539557181430531e-03
6.215895850771884293e-03 -1.878767585650759813e-03
5.817250809191504973e-03 -1.845669405790256734e-03
5.427856523666704618e-03 -1.808013207475003565e-03
5.047647365847775409e-03 -1.765554669294775326e-03
4.676571712593717567e-03 -1.718036454272706516e-03
4.314592296401673945e-03 -1.665187682264544387e-03
3.961686576910441147e-03 -1.606723378162842625e-03
3.617847134359139256e-03 -1.542343894992986245e-03
3.283082085913614865e-03 -1.471734310949071329e-03
2.957415525805949259e-03 -1.394563799377365222e-03
2.640887990266996624e-03 -1.310484970673280033e-03
2.333556948267965538e-03 -1.219133185014447838e-03
2.035497319124883464e-03 -1.120125834807556659e-03
1.746802018059289514e-03 -1.013061595679992741e-03
1.467582530849795373e-03 -8.975196447990285665e-04
1.197969518752268472e-03 -7.730588452512204400e-04
9.381134549113503106e-04 -6.392168951627563798e-04
6.881852935329093625e-04 -4.955094401877181871e-04
4.483771731358503492e-04 -3.414291479354796487e-04
2.189031552525436510e-04 -1.764447428507505237e-04
