9.001671128033108538e-01 8.998326062127235403e-01
9.003193130844973080e-01 8.996500176927039183e-01
9.004578564984253575e-01 8.994531817183728517e-01
9.005839031988553955e-01 8.992429496989879922e-01
9.006985249179946251e-01 8.990200839819442180e-01
9.008027115492102110e-01 8.987852641637649187e-01
9.008973772635422428e-01 8.985390929352456979e-01
9.009833661894435242e-01 8.982821014900164158e-01
9.010614576838793521e-01 8.980147545245045215e-01
9.011323712215839610e-01 8.977374548559475809e-01
9.011967709279000704e-01 8.974505476837516538e-01
9.012552697792661771e-01 8.971543245181241577e-01
9.013084334940569819e-01 8.968490267985702591e-01
9.013567841351558529e-01 8.965348492235225564e-01
9.014008034443403705e-01 8.962119428110832953e-01
9.014409359273172218e-01 8.958804177096276744e-01
9.014775917070332323e-01 8.955403457758125407e-01
9.015111491617364692e-01 8.951917629364068985e-01
9.015419573631704431e-01 8.948346713492655313e-01
9.015703383292297257e-01 8.944690413777430793e-01
9.015965891044255276e-01 8.940948133918676932e-01
9.016209836805665345e-01 8.937118994086773460e-01
9.016437747691875559e-01 8.933201845832577925e-01
9.016651954364205412e-01 8.929195285612062660e-01
9.016854606102314706e-01 8.925097667024932679e-01
9.017047684692073295e-01 8.920907111859772698e-01
9.017233017213985846e-01 8.916621520031703385e-01
9.017412287810808724e-01 8.912238578492331920e-01
9.017587048506943148e-01 8.907755769186079808e-01
9.017758729146666541e-01 8.903170376121627427e-01
9.017928646512971547e-01 8.898479491622286464e-01
9.018098012683904985e-01 8.893680021814583947e-01
9.018267942678784843e-01 8.888768691410078304e-01
9.018439461442352423e-01 8.883742047831605371e-01
9.018613510210983231e-01 8.878596464731535187e-01
9.018790952301383168e-01 8.873328144946365237e-01
9.018972578358700476e-01 8.867933122928981504e-01
9.019159111097794224e-01 8.862407266697164276e-01
9.019351209568361449e-01 8.856746279334423155e-01
9.019549472971793991e-01 8.850945700076978673e-01
9.019754444055034792e-01 8.845000905018692849e-01
9.019966612104198811e-01 8.838907107463853663e-01
9.020186415558416604e-01 8.832659357956145207e-01
9.020414244262222603e-01 8.826252544010627643e-01
9.020650441372711770e-01 8.819681389574292041e-01
9.020895304935827586e-01 8.812940454239641674e-01
9.021149089144336886e-01 8.806024132234810953e-01
9.021412005288307334e-01 8.798926651212900518e-01
9.021684222407360121e-01 8.791642070862604186e-01
9.021965867652428361e-01 8.784164281361654947e-01
9.022257026363309507e-01 8.776487001694248669e-01
9.022557741867005543e-01 8.768603777853418713e-01
9.022868015000514719e-01 8.760507980949115980e-01
9.023187803360527282e-01 8.752192805242859919e-01
9.023517020281377476e-01 8.743651266129904842e-01
9.023855533541478291e-01 8.734876198090124610e-01
9.024203163797448468e-01 8.725860252629195069e-01
9.024559682744185407e-01 8.716595896232098850e-01
9.024924810998209423e-01 8.707075408351612200e-01
9.025298215700741089e-01 8.697290879455057411e-01
9.025679507836196214e-01 8.687234209153493758e-01
9.026068239261024750e-01 8.676897104438310304e-01
9.026463899437131566e-01 8.666271078051296373e-01
9.026865911863474201e-01 8.655347447015262485e-01
9.027273630198920928e-01 8.644117331353536882e-01
9.027686334068935059e-01 8.632571653027921732e-01
9.028103224548182926e-01 8.620701135126037640e-01
9.028523419310935383e-01 8.608496301330448297e-01
9.028945947440758513e-01 8.595947475703450413e-01
9.029369743890913735e-01 8.583044782823024965e-01
9.029793643586807583e-01 8.569778148307028998e-01
9.030216375161821407e-01 8.556137299764438042e-01
9.030636554318118847e-01 8.542111768214133427e-01
9.031052676804262047e-01 8.527690890013506220e-01
9.031463111001898358e-01 8.512863809340850407e-01
9.031866090114448742e-01 8.497619481277325360e-01
9.032259703951399654e-01 8.481946675535916302e-01
9.032641890302814947e-01 8.465833980886559029e-01
9.033010425899786755e-01 8.449269810328113861e-01
9.033362916957899946e-01 8.432242407059480360e-01
9.033696789302370078e-01 8.414739851303401075e-01
9.034009278075306737e-01 8.396750068037829307e-01
9.034297417027651322e-01 8.378260835690657382e-01
9.034558027400680924e-01 8.359259795854495634e-01
9.034787706404568963e-01 8.339734464078593090e-01
9.034982815304457571e-01 8.319672241795306178e-01
9.035139467127748514e-01 8.299060429438247510e-01
9.035253514009845555e-01 8.277886240808728369e-01
9.035320534199577924e-01 8.256136818746007133e-01
9.035335818749672399e-01 8.233799252155239445e-01
9.035294357922386554e-01 8.210860594444909788e-01
9.035190827345259690e-01 8.187307883422592081e-01
9.035019573957310257e-01 8.163128162694399670e-01
9.034774601791687454e-01 8.138308504609085281e-01
9.034449557646682116e-01 8.112836034782630046e-01
9.034037716703465781e-01 8.086697958233011185e-01
9.033531968155396052e-01 8.059881587147813553e-01
9.032924800920685282e-01 8.032374370299273370e-01
9.032208289517307254e-01 8.004163924112160933e-01
9.031374080186319597e-01 7.975238065379692820e-01
9.030413377357180416e-01 7.945584845611186608e-01
9.029316930556132714e-01 7.915192586982650047e-01
9.028075021866213135e-01 7.884049919847675447e-01
9.026677454054813365e-01 7.852145821751126409e-01
9.025113539491902426e-01 7.819469657871942481e-01
9.023372089988979106e-01 7.786011222804329890e-01
9.021441407695235393e-01 7.751760783568250046e-01
9.019309277193465757e-01 7.716709123721106067e-01
9.016962958943505191e-01 7.680847588422541339e-01
9.014389184225508611e-01 7.644168130283642837e-01
9.011574151738921401e-01 7.606663355810863170e-01
9.008503526015430030e-01 7.568326572233657901e-01
9.005162437805365183e-01 7.529151834483575056e-01
9.001535486596832225e-01 7.489133992071611567e-01
8.997606745424944208e-01 7.448268735590320988e-01
8.993359768125144260e-01 7.406552642547833409e-01
8.988777599179085254e-01 7.363983222223015046e-01
8.983842786294244931e-01 7.320558959214817918e-01
8.978537395848955605e-01 7.276279355344886790e-01
8.972843031322873530e-01 7.231144969561171809e-01
8.966740854818943118e-01 7.185157455482069633e-01
8.960211611766757400e-01 7.138319596215844109e-01
8.953235658878624381e-01 7.090635336089283758e-01
8.945792995408851089e-01 7.042109808923081582e-01
8.937863297743746660e-01 6.992749362499591781e-01
8.929425957324707008e-01 6.942561578881755180e-01
8.920460121879648652e-01 6.891555290260343858e-01
8.910944739909232304e-01 6.839740590030298772e-01
8.900858608343973355e-01 6.787128838826035349e-01
8.890180423256722753e-01 6.733732665279971163e-01
8.878888833482543319e-01 6.679565961308103761e-01
8.866962496964991836e-01 6.624643871770937720e-01
8.854380139614653755e-01 6.568982778407033152e-01
8.841120616432968093e-01 6.512600277989307740e-01
8.827162974622280167e-01 6.455515154710461667e-01
8.812486518372256716e-01 6.397747346862545648e-01
8.797070874983665689e-01 6.339317907936049545e-01
8.780896061963645582e-01 6.280248962324829209e-01
8.763942554702384147e-01 6.220563655883709631e-01
8.746191354320047573e-01 6.160286101644666390e-01
8.727624055255300828e-01 6.099441321053830078e-01
8.708222912153289474e-01 6.038055181144140748e-01
8.687970905601658522e-01 5.976154328106187963e-01
8.666851806258646373e-01 5.913766117761553032e-01
8.644850236917451802e-01 5.850918543477913181e-01
8.621951732056336581e-01 5.787640162092444474e-01
8.598142794434190384e-01 5.723960018428970731e-01
8.573410948306688928e-01 5.659907569004498651e-01
8.547744788858587794e-01 5.595512605521781868e-01
8.521134027473042938e-01 5.530805178736402095e-01
8.493569532488773888e-01 5.465815523269722531e-01
8.465043365130255903e-01 5.400573983913105058e-01
8.435548810334498882e-01 5.335110943934785466e-01
8.405080402239856197e-01 5.269456755859353025e-01
8.373633944147341746e-01 5.203641675141842393e-01
8.341206522812490975e-01 5.137695797105146234e-01
8.307796516975290979e-01 5.071648997451901897e-01
8.273403600086605136e-01 5.005530876601522738e-01
8.238028737241057664e-01 4.939370708040927149e-01
8.201674176378020986e-01 4.873197390815078855e-01
8.164343433863402444e-01 4.807039406222076705e-01
8.126041274614704824e-01 4.740924778718262900e-01
8.086773686979881193e-01 4.674881040983047686e-01
8.046547852625983710e-01 4.608935203041639728e-01
8.005372111736138718e-01 4.543113725297652783e-01
7.963255923852392559e-01 4.477442495287229374e-01
7.920209824736951232e-01 4.411946807932465853e-01
7.876245379655056889e-01 4.346651349044794443e-01
7.831375133508571285e-01 4.281580181808746777e-01
7.785612558270362804e-01 4.216756735963242964e-01
7.738971998185284473e-01 4.152203799390822292e-01
7.691468613214028638e-01 4.087943511824944087e-01
7.643118321201253229e-01 4.023997360390975109e-01
7.593937739249126961e-01 3.960386176707237360e-01
7.543944124772011817e-01 3.897130135287836805e-01
7.493155316697516222e-01 3.834248753008200894e-01
7.441589677263734659e-01 3.771760889416499452e-01
7.389266034842681963e-01 3.709684747698717144e-01
7.336203628195743232e-01 3.648037876131262069e-01
7.282422052539044843e-01 3.586837169881859633e-01
7.227941207765373743e-01 3.526098873046519255e-01
7.172781249134956294e-01 3.465838580836785865e-01
7.116962540710644047e-01 3.406071241856878928e-01
7.060505611774475776e-01 3.346811160434078336e-01
7.003431116422388358e-01 3.288071998987544542e-01
6.945759796492796401e-01 3.229866780440229790e-01
6.887512447943311411e-01 3.172207890695536991e-01
6.828709890748471123e-01 3.115107081214685825e-01
6.769372942350456723e-01 3.058575471742264185e-01
6.709522394655021982e-01 3.002623553236290488e-01
6.649178994526374620e-01 2.947261191065176922e-01
6.588363427698327168e-01 2.892497628537571974e-01
6.527096305984574354e-01 2.838341490832128611e-01
6.465398157639233867e-01 2.784800789393204190e-01
6.403289420689763922e-01 2.731882926855405125e-01
6.340790439038405113e-01 2.679594702555061492e-01
6.277921461105675505e-01 2.627942318680451805e-01
6.214702640770037867e-01 2.576931387105076965e-01
6.151154040342189377e-01 2.526566936939834696e-01
6.087295635300102870e-01 2.476853422830813389e-01
6.023147320502356683e-01 2.427794734019849687e-01
5.958728917592182039e-01 2.379394204175192540e-01
5.894060183303047040e-01 2.331654621989879272e-01
5.829160818378419373e-01 2.284578242535828807e-01
5.764050476823320279e-01 2.238166799352505065e-01
5.698748775213446915e-01 2.192421517240330797e-01
5.633275301798547074e-01 2.147343125721040691e-01
5.567649625150375980e-01 2.102931873119958939e-01
5.501891302121495464e-01 2.059187541218772677e-01
5.436019884899327970e-01 2.016109460421936228e-01
5.370054926959734187e-01 1.973696525375288335e-01
5.304015987745809291e-01 1.931947210971926288e-01
5.237922635920289061e-01 1.890859588677778480e-01
5.171794451063412845e-01 1.850431343107690474e-01
5.105651023712282077e-01 1.810659788782118529e-01
5.039511953662136889e-01 1.771541886994702497e-01
4.973396846474383848e-01 1.733074262721973346e-01
4.907325308160318533e-01 1.695253221508229713e-01
4.841316938032976802e-01 1.658074766261047051e-01
4.775391319742357532e-01 1.621534613895976862e-01
4.709568010530788551e-01 1.585628211772584506e-01
4.643866528765752122e-01 1.550350753868044995e-01
4.578306339826301863e-01 1.515697196638937649e-01
4.512906840436682887e-01 1.481662274526600043e-01
4.447687341556283425e-01 1.448240515066324674e-01
4.382667049948895666e-01 1.415426253565717774e-01
4.317865048566115749e-01 1.383213647322639739e-01
4.253300275889623783e-01 1.351596689358227632e-01
4.188991504385037312e-01 1.320569221645472857e-01
4.124957318225995206e-01 1.290124947818692414e-01
4.061216090451157390e-01 1.260257445353875072e-01
3.997785959718941351e-01 1.230960177214291684e-01
3.934684806825153869e-01 1.202226502959910237e-01
3.871930231147269752e-01 1.174049689322959472e-01
3.809539527176104556e-01 1.146422920255500272e-01
3.747529661291115755e-01 1.119339306457989569e-01
3.685917248929730383e-01 1.092791894400624297e-01
3.624718532293990658e-01 1.066773674851656528e-01
3.563949358729692762e-01 1.041277590928938179e-01
3.503625159904094621e-01 1.016296545692647879e-01
3.443760931898474653e-01 9.918234092985112049e-02
3.384371216321367393e-01 9.678510257318446997e-02
3.325470082537386740e-01 9.443722191434643365e-02
3.267071111095338209e-01 9.213797998089158503e-02
3.209187378427899584e-01 8.988665697326385373e-02
3.151831442883709089e-01 8.768253279185675431e-02
3.095015332141282660e-01 8.552488753283793432e-02
3.038750532042998054e-01 8.341300195480684521e-02
2.983047976876446183e-01 8.134615791828782305e-02
2.927918041119880188e-01 7.932363879997954281e-02
2.873370532658429122e-01 7.734472988358939705e-02
2.819414687468108638e-01 7.540871872898000094e-02
2.766059165755682669e-01 7.351489552124661209e-02
2.713312049534015724e-01 7.166255340123177386e-02
2.661180841604860459e-01 6.985098877886845858e-02
2.609672465913905337e-01 6.807950163062653770e-02
2.558793269236607770e-01 6.634739578222280387e-02
2.508549024147632145e-01 6.465397917764152680e-02
2.458944933221778872e-01 6.299856413540382005e-02
2.409985634410004851e-01 6.138046759291846538e-02
2.361675207530547771e-01 5.979901133964810045e-02
2.314017181812227653e-01 5.825352223973128546e-02
2.267014544424673372e-01 5.674333244461404746e-02
2.220669749928533832e-01 5.526777959616488434e-02
2.174984730577563252e-01 5.382620702067442836e-02
2.129960907403858350e-01 5.241796391407603506e-02
2.085599202017406062e-01 5.104240551866510295e-02
2.041900049051415256e-01 4.969889329154410229e-02
1.998863409185659412e-01 4.838679506497636090e-02
1.956488782681152783e-01 4.710548519879440704e-02
1.914775223360941359e-01 4.585434472497739583e-02
1.873721352973529986e-01 4.463276148448737379e-02
1.833325375877451202e-01 4.344013025643445741e-02
1.793585093987716539e-01 4.227585287962672828e-02
1.754497921927271054e-01 4.113933836655090520e-02
1.716060902329140103e-01 4.003000300982422627e-02
1.678270721237626328e-01 3.894727048115622509e-02
1.641123723559667347e-01 3.789057192286054282e-02
1.604615928520306822e-01 3.685934603196132364e-02
1.568743045079078469e-01 3.585303913694520839e-02
1.533500487267003276e-01 3.487110526721903109e-02
1.498883389406750200e-01 3.391300621534337756e-02
1.464886621181385740e-01 3.297821159212388498e-02
1.431504802519930897e-01 3.206619887465490121e-02
1.398732318270709263e-01 3.117645344742326144e-02
1.366563332636158146e-01 3.030846863659324153e-02
1.334991803345378092e-01 2.946174573760811100e-02
1.304011495543226373e-01 2.863579403625678144e-02
1.273615995377191112e-01 2.783013082336774704e-02
1.243798723265599621e-01 2.704428140330540631e-02
1.214552946832943292e-01 2.627777909645621218e-02
1.185871793500220817e-01 2.553016523590386291e-02
1.157748262720190296e-01 2.480098915850364322e-02
1.130175237849324332e-01 2.408980819057619099e-02
1.103145497650031975e-01 2.339618762845019698e-02
1.076651727418380666e-01 2.271970071409175687e-02
1.050686529734105729e-01 2.205992860606559997e-02
1.025242434831137167e-01 2.141646034607973606e-02
1.000311910588225078e-01 2.078889282137055816e-02
9.758873721404641433e-02 2.017683072319008050e-02
9.519611911136678650e-02 1.957988650166050254e-02
9.285257044845744712e-02 1.899768031726438086e-02
9.055732230708150865e-02 1.842983998924038053e-02
8.830960396554327074e-02 1.787600094115603458e-02
8.610864367515104478e-02 1.733580614392933941e-02
8.395366940131607225e-02 1.680890605657096512e-02
8.184390952997451507e-02 1.629495856491800301e-02
7.977859354007346693e-02 1.579362891862892346e-02
7.775695264290956310e-02 1.530458966670761659e-02
7.577822038915084379e-02 1.482752059182217488e-02
7.384163324440654042e-02 1.436210864368141042e-02
7.194643113424070702e-02 1.390804787172923371e-02
7.009185795954939180e-02 1.346503935741382232e-02
6.827716208324154101e-02 1.303279114628510572e-02
6.650159678917960671e-02 1.261101818017055023e-02
6.476442071434704295e-02 1.219944222967558195e-02
6.306489825521853498e-02 1.179779182725122083e-02
6.140229994931330898e-02 1.140580220106784427e-02
5.977590283291312617e-02 1.102321520993027916e-02
5.818499077592685642e-02 1.064977927946575073e-02
5.662885479487849566e-02 1.028524933981281309e-02
5.510679334499152954e-02 9.929386765035852491e-03
5.361811259233379562e-02 9.581959314486764023e-03
5.216212666697891964e-02 9.242741076332224026e-03
5.073815789812897992e-02 8.911512413462411783e-03
4.934553703213186843e-02 8.588059911994400455e-03
4.798360343431354313e-02 8.272176332581399061e-03
4.665170527553189755e-02 7.963660564737014974e-03
4.534919970434418690e-02 7.662317584382256214e-03
4.407545300566532293e-02 7.367958414821750707e-03
4.282984074677878561e-02 7.080400091354865227e-03
4.161174791154596819e-02 6.799465629726940928e-03
4.042056902364445786e-02 6.524983998625841566e-03
3.925570825964927457e-02 6.256790096429380894e-03
3.811657955275578324e-02 5.994724732410009263e-03
3.700260668792682700e-02 5.738634612604332115e-03
3.591322338923182145e-02 5.488372330556803326e-03
3.484787340012968082e-02 5.243796363149017155e-03
3.380601055743345101e-02 5.004771071728655873e-03
3.278709885967971693e-02 4.771166708755270915e-03
3.179061253061252201e-02 4.542859430183635895e-03
3.081603607847792012e-02 4.319731313809515964e-03
2.986286435181326887e-02 4.101670383807242901e-03
2.893060259240295626e-02 3.888570641693645316e-03
2.801876648606145201e-02 3.680332103958483449e-03
2.712688221189396218e-02 3.476860846607672875e-03
2.625448649067532031e-02 3.278069056872317394e-03
2.540112663297895701e-02 3.083875092343818167e-03
2.456636058767968159e-02 2.894203547803116377e-03
2.374975699144692143e-02 2.708985330020546173e-03
2.295089521983879888e-02 2.528157740811699805e-03
2.216936544060192291e-02 2.351664568644314633e-03
2.140476866977756437e-02 2.179456189101315090e-03
2.065671683121110200e-02 2.011489674515964336e-03
1.992483282005929474e-02 1.847728913106480271e-03
1.920875057088832286e-02 1.688144737949537344e-03
1.850811513095492605e-02 1.532715066144810798e-03
1.782258273926339356e-02 1.381425048536125567e-03
1.715182091199276074e-02 1.234267230368867908e-03
1.649550853489094304e-02 1.091241723278134172e-03
1.585333596323610164e-02 9.523563890176555595e-04
1.522500512997031728e-02 8.176270353558132446e-04
1.461022966261623160e-02 6.870776245821508862e-04
1.400873500959417400e-02 5.607404950856683182e-04
1.342025857656534496e-02 4.386565964848573255e-04
1.284454987343556891e-02 3.208757388089970332e-04
1.228137067266455232e-02 2.074568562506306612e-04
1.173049517953685464e-02 9.846828603045979487e-05
1.119171021506359075e-02 -6.011937061866308518e-06
1.066481541219755497e-02 -1.058957698643822745e-04
1.014962342605975690e-02 -2.010848331659863719e-04
9.645960158891546052e-03 -2.914700665200675570e-04
9.153665000464362989e-03 -3.769313648862048557e-04
8.672591084697952105e-03 -4.573371964101751136e-04
8.202605563258453733e-03 -5.325442006239945519e-04
7.743589896929276885e-03 -6.023967663180215685e-04
7.295440165571064929e-03 -6.667265883062334537e-04
6.858067397511437638e-03 -7.253522022736189328e-04
6.431397919231470611e-03 -7.780784968611357579e-04
6.015373726243370203e-03 -8.246962021088469989e-04
5.609952876083064248e-03 -8.649813533416034986e-04
5.215109904372162118e-03 -8.986947295439388353e-04
4.830836264936229016e-03 -9.255812652316306854e-04
4.457140795000399773e-03 -9.453694347866135536e-04
4.094050206519301779e-03 -9.577706081795359615e-04
3.741609604735859820e-03 -9.624783769601839975e-04
3.399883035103117273e-03 -9.591678493501961051e-04
3.068954059744572176e-03 -9.474949132248842824e-04
2.748926364671900376e-03 -9.270954657215306352e-04
2.439924399024268487e-03 -8.975846081601376912e-04
2.142094047640845031e-03 -8.585558049092592483e-04
1.855603338327620200e-03 -8.095800047741182320e-04
1.580643185231331857e-03 -7.502047234267056677e-04
1.317428169787163107e-03 -6.799530853378499187e-04
1.066197360763060115e-03 -5.983228236093243854e-04
8.272151749819912046e-04 -5.047852360398247295e-04
6.007722803643229716e-04 -3.987840956920725476e-04
3.871865429957711520e-04 -2.797345141593197363e-04
1.868040199921043218e-04 -1.470217556580812209e-04
